1800	5
3.13963	1.35888	0.509609	1.95362	2.96897	0.666192
4.77262	3.13835	4.73563	0.786106	4.32656	0.560701
2.97026	5.22307	0.980387	5.95918	5.87751	0.321973
1.73975	5.75812	2.51358	1.93769	1.2274	0.534683
5.77002	2.61191	2.56576	4.60086	3.79425	0.617063
2.35116	3.17278	5.52081	4.16817	5.76252	0.480736
3.53936	2.02266	5.65118	4.96873	5.09215	0.464514
5.43878	2.40994	1.97981	3.27001	4.04933	0.74016
0.813024	1.06077	2.16676	3.90394	2.71994	0.660795
5.61328	3.64008	2.24532	4.95445	2.50424	0.592624
4.07112	3.97993	1.64893	3.784	4.96525	0.745722
2.62509	3.14879	2.72544	4.58017	0.176713	0.636701
4.15956	4.12788	0.767612	5.33257	4.8314	0.467396
3.81769	2.21895	0.505214	5.46203	5.28753	0.420221
0.299763	3.07097	0.509243	2.4081	0.661225	0.411178
1.28106	0.600249	4.1537	0.817785	4.28298	0.466142
0.222674	0.274677	0.876563	4.68088	3.7884	0.355912
3.85889	5.60541	3.07939	3.75544	3.71442	0.73458
3.02995	1.04484	5.49572	4.51809	3.74573	0.558257
3.92005	4.59628	5.65924	0.13002	5.93409	0.309484
5.28276	0.722201	1.64709	5.04216	3.64978	0.458246
4.54355	5.42761	1.93275	0.388389	3.77924	0.457822
4.31466	0.640899	2.69742	5.92255	5.56274	0.363713
1.20452	2.0644	4.70725	0.374107	1.79963	0.4914
1.60773	0.837194	1.46545	0.796178	1.66193	0.485007
3.97572	4.84641	4.1678	5.2987	4.93412	0.506333
5.00279	4.69333	0.467493	5.99873	3.66901	0.360593
4.39211	4.44705	2.3301	3.37713	4.62375	0.815696
1.28893	2.37624	3.97151	5.29595	1.95014	0.639622
4.23171	5.27544	3.61316	3.79133	3.88709	0.74163
4.09767	3.80854	1.13713	0.30013	0.766697	0.442364
4.28994	3.58221	1.23033	3.37933	3.64539	0.935013
3.72925	0.770725	2.95158	3.93891	1.04905	0.65826
4.51846	3.65985	4.73746	5.55084	1.31804	0.49762
3.35955	2.30666	1.9441	5.51825	2.56759	0.75452
5.41076	1.99043	2.67471	3.09825	4.15645	0.752795
3.72009	0.644012	2.53885	5.31646	3.21214	0.599059
0.9976	5.7519	4.57211	3.61719	2.6998	0.512161
5.59241	3.11034	5.11595	2.98527	2.0287	0.582967
5.01396	4.49777	5.37102	5.85169	0.882423	0.338554
6.04854	5.7453	0.160965	0.121596	0.433251	0.223395
2.46633	3.81897	3.33684	3.26488	1.41143	1.15437
0.0521973	1.2708	2.04023	1.91132	0.39846	0.391328
5.7215	5.13884	0.510707	1.17595	0.876746	0.322444
5.56494	4.48916	0.67038	0.507228	5.12419	0.333893
2.08088	2.22426	3.44909	1.72089	1.33306	0.90391
3.41375	2.81882	1.4649	0.536709	4.50619	0.629051
3.39635	0.273579	2.16969	0.379417	4.61294	0.439581
2.65768	5.28899	1.09593	5.5816	4.37783	0.443553
4.30971	3.31487	1.60901	0.660858	1.10893	0.56189
5.7323	4.62558	0.661408	4.39065	2.73624	0.442861
2.96879	1.85694	5.24871	1.46508	0.962809	0.559586
1.06389	4.86948	2.45315	5.72589	1.76282	0.465037
5.30584	1.05601	5.64624	4.41995	3.26433	0.431319
3.8404	5.96485	5.49096	5.84162	3.12517	0.347319
3.90009	3.797	0.146683	5.86341	4.75211	0.38676
3.9596	3.74866	0.0505493	3.42693	3.58038	0.636955
1.88404	2.84977	2.81461	1.85511	0.366782	0.687431
1.61615	5.46111	4.30953	0.131301	4.01417	0.417624
1.96992	1.34185	2.35207	2.41012	0.573331	0.646537
3.26397	0.0736213	2.73075	1.30614	1.52331	0.533173
5.29192	0.973612	1.22594	4.79917	1.41839	0.430201
3.55731	0.110976	1.65332	2.07356	4.69937	0.520379
3.07756	4.43203	4.13741	5.00846	1.55188	0.690541
2.09645	4.00154	2.4797	1.0366	0.677888	0.612095
2.95872	4.07881	5.1057	3.03965	2.66373	0.933346
1.10472	0.068128	4.63547	0.609404	4.51663	0.358708
5.73834	0.952371	4.5494	5.41222	2.74649	0.400399
5.32323	3.80799	4.84769	5.83393	0.798558	0.365741
0.415673	2.18361	3.56115	4.76511	2.00526	0.596472
2.14754	3.87574	1.99647	1.40612	1.79523	0.870125
1.97065	2.82688	0.877845	5.56659	1.87452	0.542089
0.130569	3.91602	5.61456	4.20845	3.80158	0.434564
2.57016	5.60193	1.54931	4.41189	3.21123	0.621221
1.14922	1.83607	2.74576	4.68564	1.12193	0.616777
1.25597	4.88871	1.79395	2.94645	5.0493	0.579176
5.56531	6.03022	0.139358	5.66821	3.40844	0.275995
0.521328	1.24022	4.73142	4.85154	1.10362	0.412152
0.334188	0.205644	0.327596	2.47183	4.35055	0.34294
1.2589	1.46673	5.34209	3.32787	4.21559	0.57297
2.97373	5.56201	0.830969	4.05665	5.88081	0.389335
3.10979	2.70658	4.90043	1.85511	1.9148	0.893
3.36816	1.90052	1.25597	4.44228	5.79438	0.518813
5.99928	4.62265	1.97596	0.429589	5.97419	0.30184
0.284565	0.537442	5.17638	5.21611	1.78058	0.338152
5.38128	1.66211	3.67285	3.7732	3.99861	0.689265
1.9734	2.4006	2.14717	2.574	3.04075	1.36544
3.15776	4.97953	5.82606	2.86442	2.4775	0.580672
0.0661138	1.17229	3.76661	0.661591	3.69812	0.425687
5.15898	2.85947	1.12596	0.366965	5.08555	0.408574
2.91532	2.54269	0.0963271	3.76917	1.8249	0.6402
1.20946	5.07658	0.382163	5.83613	0.089552	0.278663
4.30037	1.30138	0.754794	5.9557	3.87922	0.414484
1.90693	4.29982	5.0764	1.73096	3.26708	0.720587
1.79596	0.885353	4.32839	4.6481	2.39693	0.634277
2.06624	0.189714	5.78522	6.02052	2.49362	0.323551
5.80756	1.85364	4.18703	3.46758	2.69449	0.628238
5.0753	2.9492	5.6781	1.24059	3.89991	0.490508
5.09636	3.33739	2.0655	1.6991	5.82587	0.498511
3.91895	0.553739	3.90815	5.06633	3.93708	0.561759
3.26195	5.55414	0.639618	4.20937	3.88508	0.51521
4.11104	1.45226	1.03587	1.46691	5.61346	0.461505
0.899269	0.734286	2.54672	0.971049	3.6723	0.517582
5.96723	5.9242	0.420067	4.15627	3.30059	0.328528
1.73535	1.04722	3.60455	2.43118	1.52313	0.75285
5.32818	0.27779	0.51675	4.9929	1.61175	0.33449
3.73639	0.051648	4.13631	0.494777	1.47112	0.414253
1.72235	2.41763	2.01771	1.06297	4.6796	0.689201
5.70319	5.62372	4.05647	1.66779	4.6254	0.404466
3.81659	4.73563	1.44695	1.0681	5.45562	0.479536
1.99043	5.94416	2.46029	5.62463	3.45971	0.452926
4.57376	0.565458	2.01167	4.1396	3.1627	0.636712
2.45553	4.74039	2.64359	5.92017	4.35512	0.531457
1.58502	1.30358	3.88489	6.04451	5.51239	0.381037
5.29705	2.29329	4.50894	2.48355	2.9893	0.750774
2.30135	4.52157	4.45584	2.67947	5.50067	0.614295
2.84666	1.52111	5.93391	4.66275	1.75312	0.496576
0.119216	4.69864	5.15495	2.522	1.26128	0.415287
2.37716	4.45785	4.63895	3.70343	2.05873	0.863542
4.22914	3.35772	6.00788	4.0876	0.344809	0.418077
5.32195	2.42642	4.15956	1.36126	0.932778	0.525654
0.547696	4.13301	2.83018	3.15062	1.64215	0.704583
2.74338	3.90852	1.41747	1.64362	2.40554	0.944393
5.69806	0.388572	1.70716	5.2954	5.75244	0.297483
4.15974	2.27571	4.89494	0.190629	1.67694	0.497428
5.59845	0.190629	1.85309	6.02052	0.633575	0.280242
2.71152	1.93769	5.24376	3.2788	3.59338	0.856456
3.55475	3.46044	5.85902	2.86002	0.635955	0.518081
3.86567	4.81656	2.10469	0.639068	4.37582	0.577443
2.53738	2.76279	0.479212	1.57934	2.25081	0.704017
1.16148	2.13142	1.68317	5.94142	4.53384	0.45718
1.33727	4.14162	4.20955	5.18517	5.85444	0.426371
4.65744	4.02076	3.00083	4.68656	1.24059	0.67893
5.27617	1.479	4.7327	2.01533	2.14699	0.581603
1.48028	2.28927	0.457239	4.10756	1.878	0.596449
5.84821	0.754062	2.6044	1.29992	1.62311	0.432916
4.97514	4.30056	4.14638	2.24477	2.73477	0.79697
2.83146	1.07249	4.06123	1.0421	4.00923	0.679263
5.12566	5.48217	3.0197	0.414574	5.71894	0.336055
1.80164	3.18175	4.31264	5.63452	0.941202	0.516223
3.95851	4.82975	3.24163	5.54699	1.15324	0.520216
0.330892	1.11589	5.87897	3.02281	1.93366	0.398405
5.24907	0.933877	0.663056	3.09404	6.03627	0.344634
2.23232	2.39382	3.20757	1.22759	1.71375	0.926289
1.82526	2.15724	4.03321	2.17354	4.29671	0.950364
5.7486	0.56619	1.68097	5.37322	0.969584	0.333635
3.81495	0.414574	4.08797	1.01152	0.328878	0.406154
5.35381	4.61972	4.99034	2.80784	5.26226	0.448831
5.08977	2.30227	4.77939	5.40325	5.1685	0.425564
4.55673	2.55533	4.42196	1.17741	1.01847	0.592018
0.652802	2.8331	0.375205	0.500636	3.8664	0.40943
3.5531	5.11485	1.64307	2.18105	3.90998	0.76228
4.55819	0.516018	5.71344	5.57409	2.63937	0.36079
3.48553	3.86494	5.84235	5.95899	4.27657	0.40903
1.88111	2.7161	0.299763	1.17449	2.9979	0.589751
1.21019	1.45355	1.3012	5.36553	5.32854	0.408185
5.04051	3.90046	1.93952	1.14574	5.01414	0.537803
5.57409	4.52102	5.43292	1.53778	1.40612	0.407546
2.1393	5.26189	5.91834	0.908791	0.959879	0.358308
1.02855	5.28679	2.7313	1.90949	2.3323	0.63198
2.71189	1.06773	3.20061	3.14659	5.43603	0.675099
3.70252	3.94898	1.72162	4.91837	2.6282	0.844114
0.0655644	1.65479	1.37463	3.1768	2.6163	0.54822
5.56494	2.50076	4.59976	3.83088	3.81238	0.635416
1.06718	2.03346	4.9539	5.6966	5.07219	0.399149
4.79184	1.12285	1.57422	5.1403	2.91624	0.544805
1.46014	5.33111	0.856421	2.93015	3.56848	0.564073
5.64679	0.718355	4.72519	0.614531	5.49188	0.311647
3.4002	4.52505	0.19246	2.29091	1.00969	0.504226
3.85926	1.14977	4.19197	6.03224	1.48724	0.453198
3.56665	0.878394	4.64206	2.20833	4.07551	0.699197
2.36251	0.0754524	1.49621	3.70728	4.19527	0.550974
0.748569	3.8957	4.45217	4.53347	2.8082	0.650688
4.11708	3.72431	3.49743	1.80475	0.769626	0.744984
4.91435	2.26235	5.17381	1.66705	5.22014	0.484494
4.31466	2.21291	0.64621	2.94352	0.315145	0.497517
1.2426	4.83396	3.43701	5.00572	0.638702	0.470777
2.30098	5.89252	1.59491	3.42254	3.04167	0.624614
4.15608	0.0628178	2.09773	1.21184	1.75806	0.487387
4.82169	1.42022	3.56958	2.34566	2.16676	0.815586
5.79035	2.05012	5.70502	2.96238	2.95176	0.475982
5.41753	0.560147	4.99107	2.68845	1.92396	0.454202
2.33889	0.410729	0.20363	3.92408	1.08787	0.408643
0.756076	0.871253	4.36996	5.73047	0.916665	0.354116
6.04414	2.13435	1.84943	4.53604	0.610503	0.409684
4.09492	3.18761	2.26564	3.98304	4.91581	0.876422
2.04701	1.31072	3.20775	2.46871	4.78086	0.815745
3.70874	3.88416	1.82599	5.56183	1.77253	0.635647
5.57904	5.76654	0.614714	2.14241	5.42523	0.316336
4.73032	4.1028	2.87943	4.59115	0.160416	0.504548
5.85242	1.03843	1.30889	2.16841	0.105666	0.34587
3.16106	5.14836	5.46221	1.4887	2.12263	0.533115
2.22444	4.47195	3.38079	0.772556	2.02723	0.723542
3.61462	4.87424	3.80542	5.55798	5.63104	0.43469
1.51141	4.29946	1.46343	5.93482	5.98738	0.347184
0.361106	3.85322	5.91212	6.00294	2.31234	0.326129
4.48715	1.10564	3.45916	5.85828	3.02317	0.521339
5.22545	0.179826	5.67206	6.00917	5.91871	0.234632
2.3464	0.837561	2.31032	3.24108	4.83671	0.713745
0.582853	3.65656	2.76444	3.65417	5.74439	0.518437
1.9983	0.257099	3.63348	4.39962	4.35952	0.563843
3.87757	3.61059	5.10551	2.87247	4.81675	0.719788
4.24636	2.17958	4.68601	2.32644	2.68918	0.941673
4.46115	3.43041	0.0741707	1.26494	3.99	0.503241
4.92899	1.75678	0.382896	4.04274	0.84342	0.43756
0.914467	2.84171	0.960062	2.94096	4.88303	0.585304
5.72791	3.20445	1.66779	3.81788	1.08916	0.538262
0.0875378	3.72138	2.73111	3.57562	5.60156	0.472264
0.304524	3.47857	0.229266	5.79328	2.75162	0.356688
0.630645	2.61758	1.1201	3.21178	4.17165	0.636468
0.491298	2.22389	3.08085	2.9567	3.15868	0.838257
2.55807	2.86442	1.87031	3.76111	2.30977	1.32528
0.16298	4.62192	4.63968	5.05278	3.46594	0.438619
3.1129	4.97825	1.56671	0.441308	1.31933	0.491349
4.91142	0.262775	2.40884	2.61996	5.28551	0.457386
4.6525	1.68518	0.514003	3.25811	3.29619	0.633151
5.4862	3.66168	4.92698	4.67044	1.07597	0.4582
3.18578	1.17101	2.39053	3.85139	3.17479	1.0519
5.89674	5.22545	1.04301	4.32052	0.871436	0.351518
5.34337	2.73038	1.63043	0.336569	1.22667	0.440949
0.84873	0.153092	1.5841	2.69028	5.88227	0.355353
1.65057	4.68546	2.44436	3.92609	2.15962	0.866977
5.56128	3.6366	3.80945	1.37554	1.57696	0.578553
3.8133	4.96287	3.79902	3.85523	0.735202	0.624474
1.71961	0.581022	5.4884	4.48751	4.73874	0.418079
2.00563	1.84266	1.31768	3.23595	1.54565	0.811081
0.138809	3.6452	4.71109	1.43139	0.497523	0.395985
5.67297	3.85871	4.66788	5.63818	3.04368	0.441971
5.35052	1.43798	5.41497	3.97737	0.175248	0.360602
4.83268	5.38439	4.32381	2.22682	1.839	0.563627
3.58349	3.97462	2.8223	0.530117	2.71335	0.799718
1.06444	3.84534	3.39178	3.91035	5.40545	0.616165
5.19524	3.72138	3.29656	1.5874	5.23278	0.574444
3.04039	3.4934	5.18645	3.91035	2.4559	0.896828
1.28911	4.51242	1.27245	1.9073	5.64514	0.467514
3.34106	5.01524	2.23946	5.22948	5.06102	0.527029
3.79151	2.03547	5.66638	3.67816	3.9499	0.665398
2.15047	1.68646	2.11201	2.39547	3.88068	1.06648
4.36886	3.22277	5.25786	1.7077	0.658478	0.521537
6.00624	1.05546	4.55398	1.34991	0.394432	0.336187
4.04603	2.48721	0.722201	5.09984	4.44338	0.55438
2.81315	4.0149	3.93818	1.19737	4.48989	0.805518
5.93025	5.07127	2.01753	4.80613	4.35091	0.417906
0.603362	4.33059	3.25792	4.45986	2.97355	0.679682
3.85963	0.561612	1.45007	1.57422	2.5112	0.611293
5.74274	5.01194	4.04127	2.25942	1.2329	0.468913
3.78382	5.64825	4.71292	4.92167	4.95847	0.433085
3.24309	3.05229	5.08885	5.22508	5.16686	0.524346
4.02827	3.16563	4.24196	3.58825	0.703523	0.754883
0.255817	0.822362	4.69534	5.62976	0.355795	0.293649
5.02348	5.17986	5.14507	4.21193	0.323568	0.369281
4.45144	4.48037	0.751315	3.0803	1.02049	0.547056
0.361472	2.0265	3.44872	2.48593	2.7952	0.745318
2.60605	0.956034	3.56683	2.7258	5.35454	0.654735
2.91367	3.61243	1.25139	0.535427	0.85752	0.523437
6.03352	3.08525	4.17714	3.20354	5.08592	0.500309
5.95057	0.635223	1.30413	4.44888	2.59744	0.409244
3.29528	1.0963	1.03349	3.12773	0.34664	0.509293
3.52563	2.45901	4.31612	5.57062	5.9361	0.443854
5.63434	3.61444	5.07512	3.61114	4.88267	0.486824
2.52768	1.91847	3.65637	5.04783	1.04796	0.674412
3.55639	0.40725	6.01594	5.83594	4.05006	0.330327
2.55404	0.0948622	5.83338	3.97462	1.16698	0.384962
2.68662	3.99916	5.96394	4.81254	1.6872	0.50276
4.85319	4.82902	0.946878	2.05946	4.51553	0.521476
0.188981	5.77442	3.00633	2.93015	2.55111	0.480639
1.75733	0.190446	0.95933	0.776585	2.96641	0.424685
0.433435	2.03657	5.8722	5.45947	3.3319	0.371414
5.06651	1.04191	2.87192	3.23027	2.25612	0.728472
2.93968	4.41409	1.98622	4.57065	4.0572	0.860908
1.4541	1.96681	0.494044	1.18602	5.88099	0.379828
5.71198	2.78934	5.89326	4.43038	3.70325	0.428988
4.93907	1.94373	0.16536	0.677155	1.95985	0.410031
3.61169	3.29473	1.91737	5.27361	5.81434	0.507024
4.51883	3.96528	2.32515	4.00776	3.09184	1.02901
1.18602	0.63449	0.784092	2.78531	4.62869	0.465222
4.96946	3.10173	5.94087	0.613982	1.32519	0.384085
5.09306	2.80143	1.49401	0.40432	2.38155	0.531678
4.30752	2.01368	4.27547	2.85013	1.544	0.873238
5.71747	2.9058	1.7945	2.02888	0.834997	0.513424
2.25228	0.401573	2.02851	2.08748	4.59793	0.600934
5.49023	3.08653	1.84504	2.82175	5.44866	0.538492
3.95777	1.08183	5.29082	4.31228	4.12935	0.560473
5.55798	3.05925	0.912636	4.12038	1.67108	0.528398
4.06563	1.04026	2.74723	1.41381	4.01106	0.736472
3.55493	0.538907	2.87284	0.610869	0.382896	0.417741
3.49523	3.70929	4.90409	3.34124	0.368796	0.609251
4.05739	0.30782	5.71912	3.66608	4.27712	0.43794
1.10802	5.56183	1.5462	6.00202	5.06743	0.327413
4.59042	0.813939	3.91529	3.84608	1.69562	0.642537
2.18691	0.695466	1.9148	2.94352	4.02845	0.75697
2.56704	3.65509	1.03001	1.73407	3.89332	0.840474
3.32677	0.122878	0.956583	2.25063	3.59741	0.541166
3.02684	5.8581	4.42141	1.31621	0.611785	0.421433
0.577909	4.73947	2.22151	0.439111	5.10313	0.39247
4.23207	3.26964	2.5253	1.72711	3.99018	1.06194
4.27272	1.17925	5.28753	5.20751	5.53198	0.378047
4.85227	1.36712	3.32439	5.1544	2.93583	0.630994
1.65002	2.71555	0.74216	3.44744	0.613616	0.558777
3.35717	3.13872	4.54007	4.75101	3.91328	0.875754
0.921059	5.77369	2.50717	2.67673	3.32787	0.572403
0.084608	4.118	4.80283	4.30532	4.39431	0.461945
1.53778	5.27452	1.36437	3.78931	1.646	0.57329
4.03486	1.93366	5.2152	0.91758	4.72483	0.514758
0.893226	3.61883	0.745639	5.46441	5.98408	0.334654
2.47677	3.60473	5.11412	4.77152	5.65009	0.493335
5.24083	3.45458	3.85853	2.49673	1.07652	0.670327
0.721285	4.02992	1.18877	4.0182	4.93247	0.518
6.01924	0.161332	1.85309	4.44723	0.583586	0.318241
0.638153	1.42461	4.19234	1.57477	4.16853	0.559328
3.77082	4.99382	3.69354	2.11384	3.41668	0.908318
0.451379	1.61597	3.01951	6.0055	2.79447	0.444707
0.176896	2.81296	1.45776	4.15425	2.30153	0.581275
3.76129	0.845801	4.69333	0.368064	5.13042	0.407278
2.16823	2.02705	5.6944	5.47869	5.21758	0.400644
1.37517	3.82996	5.5263	0.722018	0.882972	0.410137
2.34731	3.53625	5.9557	5.54553	4.81455	0.412847
2.14314	5.99671	0.17653	5.63947	0.570951	0.281266
4.82902	0.858618	1.47351	3.17314	3.46997	0.644669
1.30834	5.86121	0.234576	1.31273	5.59991	0.30028
2.82084	5.97511	5.87073	5.67957	0.0507324	0.263139
1.68518	3.1129	5.11284	3.44103	0.941385	0.639469
5.57519	1.49676	1.58099	0.829138	4.43844	0.440787
4.98063	3.95265	0.116286	2.75638	5.32689	0.42337
5.49353	4.31447	4.02589	0.954752	5.21794	0.432895
0.561979	1.28252	2.40115	5.58563	2.27205	0.465816
2.91239	3.63568	0.303059	2.47622	2.36526	0.748363
1.6709	3.24657	1.80805	5.95863	3.90137	0.561356
0.191545	4.05903	1.95783	1.6112	2.0428	0.557411
1.24626	3.12297	5.08775	3.24272	3.13084	0.798374
3.90485	4.77646	0.0543947	1.12028	2.48464	0.466198
1.9181	4.4031	5.49902	0.838293	3.10374	0.524438
3.96089	3.91566	1.01701	2.18324	2.16859	0.829717
4.07478	0.828771	5.96943	4.87662	2.56155	0.427335
1.11149	1.17027	3.29436	0.74161	3.78199	0.564563
2.99168	5.93739	5.67389	0.850378	4.84312	0.347271
1.25597	4.97093	5.58764	5.58746	5.63654	0.309901
3.54687	6.03077	5.77185	0.460535	3.18999	0.349006
6.01796	5.27526	2.91019	0.895424	3.93726	0.406494
1.81226	2.20723	0.899269	2.37661	4.7305	0.674058
5.97364	2.34749	0.866309	3.53625	0.398827	0.386479
5.53985	4.89658	1.5907	2.90672	4.68564	0.502914
3.39983	0.410179	5.00224	4.10902	1.88825	0.545199
3.00962	1.99098	1.83973	3.4273	5.72626	0.667578
3.25902	1.52954	0.639068	4.96177	3.79444	0.578602
2.6293	2.92008	0.280171	2.64743	5.76581	0.49224
0.0606204	2.29769	1.00767	1.25524	0.454859	0.361997
2.80344	5.59277	1.69104	3.088	5.54846	0.500579
6.03059	2.54251	5.48767	3.14018	5.92786	0.342767
3.70453	2.82798	4.47964	4.30697	5.93189	0.554956
2.37514	4.17915	1.10435	1.09886	2.45699	0.700108
4.39742	1.41198	2.2217	2.15083	4.53201	0.760544
2.1545	0.177262	2.87064	3.20189	1.88697	0.667599
1.06169	2.04664	5.96357	5.40069	1.12083	0.360448
0.0807627	5.19249	3.82575	5.19377	2.767	0.4188
3.57159	3.91712	5.60504	4.3652	5.62244	0.460936
3.21086	3.44378	5.51239	0.715975	2.74063	0.593911
1.16734	3.1649	6.00367	1.99867	0.465479	0.402668
0.752048	0.699495	1.83167	0.325216	5.73395	0.319086
0.160965	1.95637	5.23149	2.74851	5.19579	0.416431
0.785191	2.44198	1.53631	3.03782	2.24715	0.773553
2.27498	3.82996	1.43029	1.29186	4.34469	0.746024
0.395531	2.24953	0.76633	1.68372	4.41482	0.474607
4.1103	1.34844	5.69129	4.39303	0.388939	0.400615
5.22783	5.84052	4.78379	2.10286	5.21923	0.371147
3.08763	1.51507	4.08119	5.99873	0.915749	0.460445
0.604643	1.86664	1.14629	2.95469	5.05388	0.508157
1.78736	0.686677	3.11052	0.204912	5.63031	0.376432
2.81168	5.14616	0.752963	2.36068	4.47561	0.57881
3.64758	3.5954	2.32168	4.54721	5.31481	0.714992
5.70905	2.35006	4.21028	4.51425	3.24364	0.603193
1.24938	0.295186	4.03047	5.0167	2.05525	0.467241
0.234027	0.954569	0.597319	0.530667	0.321371	0.278707
4.64682	0.169572	4.33114	3.97407	0.711214	0.422251
2.3583	4.27217	3.67322	5.91889	1.20854	0.52049
2.14296	3.27678	2.01789	2.50497	4.49887	1.07906
4.3923	1.36932	4.61844	2.87101	3.49432	0.801414
2.34163	4.06654	5.83411	1.47552	3.40716	0.585036
4.97807	5.36443	0.320272	1.87434	2.64597	0.433338
2.9296	0.585051	2.19368	4.35842	1.74671	0.671
4.37636	1.77582	3.69391	0.644745	1.51031	0.600929
3.25994	1.47039	3.97096	3.54669	3.16582	1.15255
1.53173	4.9766	1.37774	5.87421	2.56411	0.451557
5.12273	1.06572	0.86521	4.12514	2.7388	0.522496
1.61285	0.158768	0.0767342	1.47644	3.35259	0.384796
1.88972	1.60736	1.99226	0.650238	0.957865	0.529677
3.03123	3.29949	5.59808	2.69083	4.55307	0.696947
1.22429	2.39529	4.45419	5.18462	4.4064	0.575242
5.09947	3.14897	2.00141	1.27831	4.43478	0.647251
5.53564	4.92661	0.46438	0.347922	3.31505	0.34839
1.22942	6.03389	1.99775	3.91364	4.92753	0.436795
2.04756	5.86378	0.902199	5.27599	5.83576	0.315151
1.66632	4.99015	3.53753	0.441675	4.78122	0.482017
1.52972	0.214434	3.67413	2.83713	3.47363	0.639942
1.93476	0.198869	1.18639	5.71344	0.176896	0.306721
0.114272	0.931863	3.74774	3.02336	4.44247	0.493949
4.20204	2.60824	0.12709	2.97611	0.358176	0.458047
4.98777	2.08235	0.920876	3.82374	0.501552	0.475356
4.38387	1.76374	1.221	5.02769	5.16393	0.490138
2.81388	4.50546	4.05391	4.89475	2.84537	0.831548
1.78278	4.97807	3.24181	0.285481	2.49636	0.553247
4.29195	5.25933	5.38256	4.67539	2.59213	0.489631
4.11012	2.79044	2.92594	5.35033	0.503017	0.5543
2.01075	2.86002	4.38424	2.03126	4.12715	0.987826
4.64041	3.96455	2.60019	4.26851	5.33898	0.630473
2.49618	5.13444	2.2433	0.787938	5.71198	0.441885
3.7472	2.77652	0.616362	0.314412	0.564359	0.409254
1.79084	1.15599	6.00532	3.38665	0.168473	0.369529
1.90858	2.83787	1.37975	5.43017	4.25588	0.612533
1.8335	2.97996	2.77011	0.105849	1.79432	0.615621
1.20122	5.88447	3.15904	4.25533	4.53219	0.487697
1.02873	4.48294	3.50824	4.61056	2.74539	0.714181
1.0833	3.64008	0.863379	4.69388	3.15978	0.604472
3.51776	1.29827	2.02668	0.729159	1.66119	0.622648
5.63434	0.744906	5.31298	3.94148	3.96253	0.41343
4.4703	3.36486	2.03767	3.11803	2.07374	1.09976
3.13652	1.59637	5.95753	0.598784	5.66235	0.349776
2.02559	3.72412	0.911538	3.55237	0.864295	0.636867
2.69174	2.52255	0.28365	2.66208	1.27227	0.63288
1.0106	3.67212	3.30993	4.77701	4.49282	0.67151
4.21761	1.75586	6.01594	2.57272	6.00715	0.37948
4.04695	0.926003	4.20717	0.863746	5.63049	0.428488
3.41448	5.92933	1.42974	0.856055	2.60165	0.476788
0.863196	5.87037	5.61529	0.657929	3.97114	0.321822
3.88508	4.05226	2.41433	5.96522	4.7186	0.526878
3.28942	4.94016	5.32836	4.85044	5.10075	0.452355
2.27169	0.876014	2.05983	0.472071	5.48199	0.42596
4.29928	3.54705	5.98609	3.27623	3.12462	0.625157
2.80106	1.96662	1.30431	5.53125	4.90153	0.526155
1.3272	5.37395	1.45886	2.94077	1.0507	0.509884
2.75309	1.44879	3.25591	3.24712	4.75266	0.937594
5.65063	2.15486	1.72034	0.770542	4.43514	0.46712
5.8288	0.987346	0.990825	1.05089	2.13252	0.389997
5.68066	5.92054	1.76044	5.92658	5.27745	0.277749
1.95545	5.89454	2.66263	0.0888195	1.16057	0.37819
1.26201	1.90437	3.45056	2.45132	3.35369	1.01521
1.46911	6.0467	0.366416	5.77423	1.8769	0.307508
5.31188	2.61813	0.344076	3.79737	1.84138	0.512223
2.60495	0.307271	2.17885	5.75446	0.0802133	0.342544
3.07957	5.7497	2.93949	4.15736	5.97914	0.438874
5.57684	2.12776	3.84461	5.37505	5.37176	0.410166
4.72739	2.29293	2.69156	1.22924	0.354331	0.534355
3.94862	1.70331	5.48803	4.00483	2.79264	0.674569
2.56357	2.3984	3.79645	4.86014	0.998515	0.73245
2.28817	3.22643	1.22228	4.10866	3.91035	0.927977
2.87412	2.62363	5.21135	1.66266	3.49414	0.827799
3.95576	1.16533	3.36632	1.43139	1.76099	0.745747
0.613066	3.28905	4.29909	4.94932	4.57724	0.533158
2.10396	1.85474	5.91834	3.85139	0.467493	0.43918
4.01435	2.26345	4.62155	3.9076	2.93913	0.997178
0.264789	0.753696	1.70679	1.13621	0.338583	0.336061
0.189714	5.46972	4.50601	3.64191	5.88337	0.333432
2.06056	2.27773	4.01637	4.71768	2.60129	0.948169
0.769443	4.46023	2.84244	0.213152	0.90934	0.412034
4.31429	4.86362	0.193925	4.4551	2.34969	0.48509
5.32854	1.3153	4.85227	3.94843	3.93946	0.54132
1.92945	5.66528	5.55688	4.9376	5.57043	0.331687
4.52011	4.608	0.089552	3.74115	3.49743	0.521816
2.09334	3.71991	0.569852	1.91096	3.97737	0.695063
1.22118	3.02555	2.4114	0.635223	5.48437	0.493204
5.38	4.35055	2.51046	4.68326	5.60248	0.447743
3.34618	3.1704	1.85273	4.37691	0.982768	0.80449
1.95435	1.69672	0.42611	1.58703	5.39758	0.45123
1.0648	4.83359	6.01374	1.62128	0.533963	0.342795
4.04677	3.3828	0.874366	3.53332	2.25429	0.861988
0.702058	4.41427	2.44894	0.819982	1.31347	0.49551
0.916482	2.14772	3.46246	2.10267	2.59836	0.889062
2.35592	0.869788	4.40658	4.24507	1.32995	0.614613
5.43493	0.558133	3.32567	2.25997	5.79804	0.394099
3.00523	0.386009	0.838476	1.88825	5.94123	0.378903
3.90797	1.4367	2.14552	0.384544	0.818151	0.485448
4.32308	5.61566	4.64645	0.840307	5.3615	0.376733
0.603362	3.11967	1.87159	4.62924	2.57181	0.672527
1.33324	2.5751	5.38897	0.974162	0.202165	0.39066
5.37597	5.85389	5.70923	1.41729	4.04438	0.336411
1.18346	2.88218	2.90745	1.05913	4.14857	0.745796
4.56424	0.313497	0.933694	5.89893	2.23433	0.358117
1.41235	0.695833	5.27599	2.59268	3.42712	0.544713
1.70661	4.10646	3.43206	0.161698	4.00611	0.583022
0.91227	4.25624	4.89713	1.37609	0.477015	0.424837
5.33129	5.98646	4.30275	5.70465	5.85792	0.273719
3.08745	1.02983	3.20903	2.95359	4.96928	0.780449
3.89075	5.07274	2.12849	4.82956	1.10289	0.561938
2.20851	4.94767	0.063184	3.21599	5.76654	0.388422
2.56173	0.41494	4.40072	2.01954	0.79929	0.509138
1.45867	5.76288	3.16875	3.50146	5.33697	0.481915
4.87369	1.50262	3.79352	5.70007	2.70255	0.533008
3.35058	5.97621	0.782444	4.13924	4.26558	0.458761
1.72455	5.55304	3.29271	3.87611	1.28545	0.590399
0.875465	1.75641	5.84254	1.35668	0.621856	0.363686
3.02446	5.35692	2.33706	0.668	1.24864	0.512803
5.62372	4.63657	2.71701	3.52215	5.75721	0.444106
0.73099	2.88254	1.87781	1.53558	0.651886	0.524118
5.97181	0.190263	1.44769	5.59643	3.40478	0.322152
0.166459	3.46997	3.34508	5.70923	3.61389	0.474255
1.01115	2.17775	1.52514	1.17302	5.46386	0.471358
2.97154	0.0604373	4.70487	3.79664	4.17018	0.539015
4.93174	3.51373	0.62918	5.31225	4.33077	0.460114
3.60181	3.22405	1.80567	5.45159	0.136062	0.475031
2.8331	2.63461	0.117019	0.318258	2.83915	0.483312
3.68915	3.54339	0.844153	3.12627	2.40261	0.926724
5.17583	1.14098	3.11839	4.38442	3.53973	0.648839
4.56955	4.92387	5.73834	6.03883	4.77793	0.32197
1.02269	3.74958	3.63934	5.39629	5.93446	0.412649
1.63263	5.38146	4.25753	2.30336	6.02382	0.421031
4.64883	2.33394	4.84019	0.906594	4.13997	0.580368
4.57632	4.556	4.6622	1.47497	0.841223	0.50878
2.72635	1.92194	2.37771	2.09828	5.02513	0.866658
0.922707	5.36791	0.0990738	5.26097	2.04152	0.340504
0.903664	3.70233	3.15941	2.2021	0.911354	0.670583
2.03456	1.62421	0.841406	3.63806	1.6817	0.683553
3.91639	0.120864	5.76691	0.0933973	4.18904	0.315984
1.07139	2.73075	0.391319	3.81586	0.36019	0.430451
5.16447	1.76484	4.94932	1.36547	0.428124	0.411579
4.64719	1.74652	2.24733	1.14574	0.853674	0.558786
4.70139	4.70304	1.69013	5.87421	4.51919	0.433278
0.0915662	2.55606	1.50445	0.971964	0.619842	0.389547
1.55719	2.00508	3.17186	0.270832	3.78565	0.618555
3.97499	0.699312	5.1696	3.26836	3.12828	0.623464
4.02497	0.06648	0.263141	0.159317	3.66187	0.326221
2.63315	1.12724	4.88688	0.485255	0.250323	0.383336
4.69736	2.86167	4.65854	4.98191	0.120132	0.437206
1.62677	5.60119	3.41979	4.06892	0.819066	0.506913
2.43795	1.08641	0.2831	3.29528	1.36639	0.523145
4.0843	1.37261	1.47589	3.37859	5.67865	0.541549
5.81855	2.08931	2.77652	0.501003	4.11085	0.469429
5.50689	1.91828	4.06251	4.96287	2.85416	0.572814
2.63168	4.26119	1.53375	3.08928	3.73365	1.06131
2.5751	4.60361	3.23137	1.09227	5.62537	0.545327
2.63296	3.92902	1.67017	4.79734	5.64716	0.555429
1.55792	5.98408	2.60934	2.88291	5.03154	0.49315
0.421715	3.51446	3.13451	2.51431	3.8512	0.77575
3.82172	5.73413	4.2264	5.96028	0.428307	0.332983
5.10991	2.52291	3.76313	5.0471	2.85361	0.690907
5.44079	3.71533	5.61694	4.23757	2.8961	0.503527
3.8675	5.58471	3.11894	3.72266	3.50402	0.756216
4.74607	4.16817	2.73587	0.69565	4.33224	0.603573
2.35903	4.01417	1.21074	2.02998	4.65744	0.750251
1.58044	5.21739	5.62335	1.84724	1.67511	0.45666
1.21678	0.94285	5.43163	5.805	5.64496	0.30131
4.81272	3.54321	2.75711	3.57947	0.678986	0.696238
4.80649	2.76737	2.98857	1.61175	0.0847911	0.533523
6.02546	3.96253	2.36397	5.05314	4.70926	0.442059
5.36077	5.17601	1.53064	0.733737	0.315877	0.335483
1.01591	0.515285	0.402489	5.0308	0.939004	0.330804
2.85233	4.14766	0.304707	5.2564	2.47805	0.527224
0.548978	4.22969	5.2	0.176347	0.817052	0.332249
5.48968	0.770542	4.78287	2.92832	5.70502	0.374955
3.45843	1.77637	5.60065	2.25612	1.51965	0.616691
4.19563	3.29601	4.02516	0.501552	3.81568	0.690813
4.43826	1.4942	2.70017	3.52472	4.03267	0.928708
1.63446	2.23873	2.8386	0.875648	1.02836	0.630099
3.45587	3.48718	2.54232	1.65735	1.28838	0.962744
3.0142	0.337118	2.79703	3.33867	1.32592	0.66447
1.40008	1.45373	2.31325	0.12654	4.14894	0.500021
0.782627	2.51925	2.17757	4.25167	4.92313	0.621528
3.10722	2.31856	1.31237	5.69055	5.74823	0.432604
1.18877	3.46081	5.55945	3.43041	3.58313	0.642304
6.02894	4.37929	0.06648	2.38412	1.50848	0.366483
0.255817	5.59534	6.00569	2.97117	4.04036	0.340326
2.26747	2.28341	0.141006	3.85963	0.802953	0.505308
0.756076	4.30843	5.12767	2.10652	4.26778	0.535339
5.26885	4.47598	1.22887	3.83234	2.47897	0.608741
5.03721	5.26299	3.6983	5.61401	3.52398	0.457318
3.85908	2.54983	4.71402	2.53665	2.05049	1.00052
3.7818	3.10942	2.54013	0.0750862	4.78653	0.56878
5.31041	2.94535	5.87861	2.18947	5.04765	0.425945
2.73404	0.991191	4.97331	3.65509	0.0640996	0.453543
5.46258	2.42294	1.97816	5.29247	0.540005	0.42108
4.83652	1.99794	0.854041	4.78525	1.93165	0.546132
3.35699	0.433435	2.30739	4.89091	0.97526	0.503284
2.86716	0.807897	4.98063	4.94419	5.213	0.445968
2.11989	2.68094	4.8834	2.42587	0.931314	0.712622
0.26662	1.95271	0.0771004	4.37984	3.7732	0.406284
0.701692	3.55237	2.20577	5.28716	5.94746	0.397824
4.16908	0.151077	3.4989	0.866675	3.6485	0.50752
4.29287	3.45495	5.49206	1.38177	2.99589	0.636637
5.44573	5.79511	3.92518	2.17629	1.96791	0.467422
2.54928	5.16429	4.55966	4.70011	0.156754	0.429291
2.58298	0.622588	0.424462	4.62778	4.0757	0.47023
5.90772	1.83936	0.899269	0.740512	2.39254	0.405034
2.19167	2.68186	4.08961	4.61093	5.67444	0.599176
1.02049	3.1151	0.201433	2.52145	0.759006	0.454241
5.64917	3.58203	0.740695	1.09245	1.45226	0.425613
2.43026	1.4193	1.3988	5.47192	5.66089	0.424128
5.54242	2.53427	0.704988	2.58682	5.26024	0.449898
0.780979	5.10423	5.95094	5.54223	4.63602	0.310565
3.96382	0.516567	5.15569	5.62463	2.22554	0.41268
5.90498	0.905129	5.3322	4.13667	3.36394	0.405005
4.0724	5.83521	0.704073	1.16093	0.990825	0.372042
5.72479	0.377586	0.282185	2.69779	4.90464	0.328871
3.40093	3.12846	1.59436	0.357077	3.26818	0.703728
0.895424	4.0583	0.0586062	5.72461	4.32381	0.352398
4.93998	1.23729	4.74552	5.50927	0.885719	0.389345
2.15578	1.93568	1.45666	4.42178	5.61108	0.553508
2.78257	3.07097	5.73578	5.33532	4.20241	0.514501
4.26577	0.0976089	3.4859	2.81809	2.88218	0.653206
3.85322	2.41561	2.40389	0.104384	2.92979	0.675021
0.904213	1.93604	4.05793	2.79099	4.0442	0.78262
2.68643	0.27779	3.77796	4.96653	3.79572	0.567718
1.20287	4.38204	3.27019	1.77491	4.4139	0.729251
0.0545778	5.41076	0.655914	1.53155	4.41573	0.34314
2.19624	1.659	3.54907	3.96656	2.68369	1.13894
2.92869	3.08726	2.68259	4.43075	4.34176	1.11597
1.86536	0.354331	2.22078	0.0824107	0.72861	0.36277
5.25383	1.81574	4.13374	4.92295	1.06096	0.494432
2.92338	0.124526	4.30147	0.991923	2.56741	0.521171
3.97132	5.15495	1.06096	1.04759	4.74698	0.471453
1.34771	1.41876	1.67584	2.22133	3.45275	0.781549
3.70233	4.47891	2.50497	1.56762	3.33227	0.991317
3.05211	4.23592	4.50326	4.69919	2.754	0.851951
4.7479	1.03038	0.173051	3.42767	4.65634	0.437588
3.87318	0.874	0.836096	4.29873	4.13502	0.557421
0.14302	4.00245	0.469141	2.84629	5.64954	0.362107
2.63681	0.883155	1.32097	3.0717	1.84321	0.725933
4.80979	3.00853	5.29082	4.29012	3.30993	0.65429
4.53	2.03273	3.03251	1.51709	4.58456	0.769975
5.89765	3.17607	2.39986	2.41579	3.71259	0.683218
3.5661	2.43923	2.5231	3.14696	4.69388	1.14244
4.66623	3.30645	1.52661	4.00245	3.48718	0.88626
4.33333	0.784642	2.78531	0.743808	3.91383	0.566342
3.48681	3.86036	1.43945	3.67084	5.86817	0.585173
0.208757	0.569669	3.79572	0.8187	5.76819	0.314944
5.4981	5.67316	0.757541	2.56228	3.31102	0.421883
5.56622	3.3286	5.3615	1.59143	2.04591	0.495921
5.85975	4.0561	4.04677	0.856238	3.52087	0.493675
2.93198	1.43066	3.89881	5.11851	1.03752	0.601874
1.19573	2.02613	1.46472	0.825842	2.31307	0.596667
0.331808	4.25808	3.26397	4.69791	5.62427	0.424785
0.412377	4.59244	1.67767	4.7706	5.77497	0.372916
0.92582	2.94206	1.59967	3.16527	3.8816	0.828429
0.409081	3.05247	2.67966	1.42059	2.44784	0.684104
4.26284	3.19145	5.09361	0.893226	1.26293	0.541403
2.99003	3.87556	2.29311	2.99534	0.493129	0.796761
1.77692	5.82093	5.32103	0.971781	1.42168	0.378136
5.29558	0.712313	0.223406	2.77634	5.74329	0.324798
4.31576	3.13249	5.21794	5.94105	2.07301	0.472208
0.0542116	4.13173	3.3764	5.59112	0.962076	0.385101
0.222308	3.06419	5.44134	2.29219	0.726778	0.410705
2.65549	1.58319	4.42635	0.718355	1.27739	0.576907
4.59628	2.74741	1.6872	4.54043	0.405602	0.542323
4.20845	1.58594	1.15105	0.194292	4.34926	0.463584
1.52826	3.56939	0.184953	0.70096	5.32616	0.382975
2.14314	2.97978	1.51434	3.05504	3.16435	1.25442
3.14769	3.74921	4.83433	0.277973	4.74478	0.515422
1.26384	2.00911	1.68573	3.45513	3.14165	0.91319
5.92347	4.57815	1.04118	3.09019	5.46844	0.384977
3.23668	2.79007	5.8537	5.5979	0.240802	0.36224
5.64221	3.57397	5.99452	5.21776	5.69257	0.298987
2.03859	4.07643	2.57144	2.7507	1.75238	1.12544
1.53155	4.63217	0.645477	3.771	2.56595	0.619312
3.65967	4.96379	5.23497	1.0551	5.13975	0.441542
4.91123	0.537808	4.78489	3.81165	0.980387	0.441723
1.07176	3.96986	0.862281	5.11668	5.48144	0.402148
4.23647	1.7284	3.06456	5.37029	1.25817	0.595158
2.93803	3.58972	0.39077	5.23204	3.43627	0.576966
2.25484	5.66217	4.37948	0.825842	2.44546	0.510729
1.44512	5.66547	1.96589	5.32653	6.02125	0.331868
5.91724	2.36068	3.42162	5.70447	1.53466	0.424481
5.78247	3.50109	0.930032	3.9781	2.55789	0.542589
5.46478	4.35311	1.2177	1.96461	4.90885	0.480807
3.89735	0.340597	1.16734	0.0653813	2.69101	0.400902
1.49346	4.13576	4.79844	4.82535	2.3539	0.643363
2.97978	0.345907	4.87644	3.31725	5.14177	0.493743
1.49823	0.125991	4.58475	0.879493	1.89429	0.421127
5.41827	1.3424	2.4819	4.12825	5.59039	0.457725
4.21706	1.65039	1.35137	5.41717	1.19573	0.497048
0.488185	2.05891	4.00282	2.20027	4.53036	0.617968
0.746188	5.55945	4.49923	1.25524	4.12459	0.431276
1.51068	2.1479	4.51516	3.58276	5.85755	0.533473
3.6441	2.31948	3.5824	0.740512	0.985148	0.650107
2.41433	2.67435	0.143204	4.31502	1.08952	0.526605
0.82401	4.66531	1.34844	3.65564	1.73151	0.578878
1.30999	3.76166	6.02528	5.83704	3.22112	0.389313
3.7331	5.83869	4.69626	1.30413	2.8245	0.516005
0.567655	2.41488	2.67526	2.39162	5.04069	0.628984
2.82908	3.86805	3.70636	3.81916	0.119033	0.655623
1.74304	2.98344	2.87101	1.54455	4.03175	1.02253
5.49664	5.97199	5.98866	4.45529	1.97157	0.310814
2.27553	2.99699	4.35549	3.44451	0.4891	0.72127
6.00202	3.7743	5.7724	4.09181	4.41665	0.392205
1.92121	3.98304	5.03373	4.28811	1.96278	0.714221
5.6532	4.35274	0.19594	0.0758187	1.50116	0.307413
5.14781	0.0864391	1.69965	4.38168	4.34267	0.425448
5.72498	2.92301	0.869239	0.683198	4.45913	0.408694
3.94807	4.62283	3.40093	0.977274	4.56442	0.656513
1.71027	4.98118	0.750583	0.572233	1.08916	0.396924
4.47708	3.84662	3.09331	4.42507	2.80088	1.00223
4.7999	3.70471	0.437829	2.43557	3.23174	0.638029
3.33593	1.96406	5.00041	2.90012	3.86347	0.913809
2.91935	3.11015	3.87336	2.34365	5.35271	0.851249
1.96534	1.51068	0.819066	5.77662	1.10893	0.411002
2.93968	5.63599	0.963175	1.78974	2.71756	0.566726
5.21227	4.3923	0.368796	0.362204	2.1913	0.37925
1.53869	3.205	1.44421	4.92039	3.18834	0.750678
5.4602	0.921975	0.190446	4.96726	5.25914	0.310191
4.41317	4.17549	0.274128	1.6416	2.0851	0.540789
3.50842	4.80356	5.74732	4.85575	3.43096	0.507908
5.84418	1.66486	3.5888	0.956034	4.54428	0.45911
0.391136	2.97428	3.97865	4.32747	3.32915	0.683288
2.77799	4.27309	5.65027	0.768711	0.152176	0.373375
1.31603	4.28536	1.78571	5.69037	2.86973	0.548924
5.32085	4.994	2.91587	3.26433	2.06056	0.652661
2.59305	5.89271	3.3189	4.01619	5.1458	0.518884
0.643829	0.834082	3.17479	5.52154	3.06657	0.462195
3.59869	4.73215	1.44879	1.03001	5.84382	0.439885
5.47814	1.10747	1.34496	4.08449	4.02241	0.508041
5.20293	3.29271	5.28606	4.04658	3.95851	0.582116
5.39758	1.29094	4.77225	0.462	5.13646	0.359505
0.44552	5.831	2.80765	2.26638	0.364219	0.369515
2.72287	2.46487	1.46288	4.76621	0.0551271	0.512357
1.31878	0.952738	4.32491	0.743442	2.81388	0.529104
4.83176	0.467127	4.36556	5.64093	3.75251	0.413628
4.05848	2.85581	5.40527	3.67157	3.91163	0.757085
0.727145	0.71213	5.34191	5.05937	6.00697	0.292675
3.1085	2.24037	5.72315	1.07469	5.31609	0.452992
1.61395	0.921792	1.59271	3.19658	4.33755	0.664531
1.65259	2.7095	1.88441	2.26436	1.58337	0.935239
4.73197	5.52484	0.763584	0.196123	1.44787	0.337303
5.05388	5.12675	2.31545	3.28887	5.46111	0.491385
2.53244	0.961893	2.52035	4.96855	4.25936	0.663847
1.4671	0.646942	3.56555	5.83082	3.78748	0.457872
5.21977	1.33654	1.78077	0.955667	2.23287	0.527737
4.01985	2.73001	0.605925	3.29931	2.2336	0.798624
5.45599	1.51049	5.78907	1.80768	1.64746	0.411855
4.06544	1.12138	5.65833	6.03169	4.66403	0.348539
1.39715	0.643463	3.55658	4.89365	3.55639	0.577111
5.83631	0.323019	3.4945	5.25292	1.65277	0.365683
5.94801	2.01698	3.63037	0.27486	6.04945	0.314664
4.11781	1.18767	4.80155	4.54062	3.42693	0.652086
3.92353	3.56885	2.41946	5.93006	5.94325	0.420849
5.07622	4.74277	3.797	5.71967	1.95381	0.465674
0.468775	0.599333	0.193925	1.4129	0.862647	0.311221
4.85081	1.90308	4.61166	3.14403	1.80878	0.731748
1.32189	0.377586	1.06993	0.477931	3.60876	0.397619
5.72461	5.13994	3.74738	1.93916	2.59579	0.530499
2.10634	4.60306	4.61899	1.28032	2.48483	0.703619
0.352866	2.1609	1.93128	3.74573	1.80072	0.630997
3.51318	0.627532	5.87733	5.30492	3.62982	0.401924
3.41741	3.00688	0.664521	5.56604	2.77854	0.579296
3.77045	0.765049	1.2893	5.93519	4.11269	0.427926
3.92371	4.39486	3.46594	1.21001	0.871253	0.634856
2.90653	3.64429	2.20229	3.30956	3.35973	1.59098
2.9459	2.41891	1.97834	4.34597	0.161698	0.61531
0.79105	5.17363	4.71109	2.55386	3.13322	0.56342
5.651	4.59317	5.49224	2.98271	2.85435	0.480797
2.48757	2.00874	4.68839	0.405785	0.527554	0.455814
3.70746	0.428857	3.79499	3.16582	3.46758	0.769858
1.85529	4.20406	3.44689	5.37615	2.04078	0.68842
3.40917	2.05745	4.3304	4.42654	5.6922	0.584496
5.3399	4.7435	0.450647	1.7002	5.45892	0.360362
2.79483	2.55075	2.1957	2.90928	3.6604	1.57849
2.22151	2.62674	2.54855	4.16066	1.82087	1.15119
2.46121	1.34661	0.264423	1.80896	2.22023	0.570321
1.03624	3.88508	2.10817	0.147232	3.85468	0.518031
2.40829	1.2719	1.45245	0.561246	1.38634	0.518598
4.14931	2.06807	4.92112	5.83997	3.73346	0.513254
1.85309	5.84034	2.59982	1.88148	3.18486	0.631779
5.34173	3.13249	4.59189	1.87543	1.56671	0.61146
5.28112	2.52896	4.34835	0.994121	5.36333	0.457617
4.48129	6.01558	3.05888	3.06181	2.43905	0.602052
0.790501	5.36187	4.54464	1.98292	4.67722	0.460962
2.65768	2.25447	2.66721	1.36767	3.80616	1.09913
2.80234	2.08638	2.79154	3.87629	3.40606	1.45985
4.31429	0.551541	1.59088	0.306172	4.3998	0.417989
1.18236	5.2976	1.60351	1.61102	5.17253	0.450814
3.65527	1.94904	1.11095	2.68405	0.222857	0.558199
5.52868	2.75547	1.91059	4.13777	0.777134	0.529759
2.69888	1.00859	4.07094	3.26177	0.49734	0.604773
3.53936	3.64886	4.16945	1.39385	0.362937	0.601925
1.52533	0.837744	0.475367	5.91633	0.295003	0.293722
0.767063	4.38918	5.81635	5.43383	1.5495	0.358742
5.30291	5.72589	2.45242	0.153824	4.80155	0.340367
2.41689	5.45599	4.00355	2.40261	0.971964	0.593514
3.28942	1.2849	4.38204	1.05931	4.46261	0.631278
0.923806	3.59411	4.21962	1.04045	3.66699	0.647846
3.97737	1.10197	4.68344	2.70731	4.42928	0.688693
2.587	5.03025	1.2882	3.74097	1.73389	0.69566
3.60565	1.72803	1.27758	2.48867	3.44579	0.960462
1.29754	1.09282	2.09242	5.62262	3.39251	0.515687
0.163163	3.12627	0.860999	1.4345	4.43221	0.451652
2.12978	1.43176	3.94294	5.34978	0.731722	0.505756
5.50982	4.20882	2.59634	4.23061	5.18425	0.520596
5.01396	5.677	5.55981	2.30904	1.83002	0.406153
4.07387	3.57928	5.38146	4.93559	0.646393	0.466286
5.62848	1.63263	3.88782	1.96351	3.2766	0.636227
3.52508	2.78861	0.257648	3.21306	1.83478	0.702049
5.78046	2.6868	0.207659	2.51522	3.20958	0.478351
4.59372	4.0876	3.52325	5.896	4.44778	0.51336
1.65863	4.79844	3.94477	5.1577	1.51709	0.5624
3.58258	5.5404	3.44415	0.683747	2.26601	0.558844
2.15559	1.95747	2.99974	4.94859	3.61883	0.91076
3.82905	0.222857	5.90333	1.47277	0.343527	0.320324
3.75891	0.13002	4.06416	1.42095	1.96845	0.540463
1.18694	1.80109	5.59332	2.98545	0.484339	0.439007
6.01686	1.16533	1.98329	3.23467	1.87434	0.504456
3.24749	2.83018	3.23888	0.754611	2.3453	0.941836
5.06669	1.70258	2.5599	3.19658	2.14552	0.839138
4.26558	5.37359	5.54223	3.87208	5.4342	0.393943
4.91325	3.51611	2.9785	2.60385	1.21477	0.814908
5.34704	0.774937	0.858435	2.98271	0.0527467	0.348039
5.81177	2.73477	5.04747	4.82151	0.4891	0.373259
4.13905	1.36455	5.76087	5.5567	2.60367	0.4294
2.99607	3.70856	3.43408	3.07133	3.50714	1.67989
1.78717	0.295552	3.39379	5.22124	2.39346	0.5197
5.85261	4.7327	0.765598	0.308003	0.773289	0.299965
5.0504	5.34942	3.61462	0.677155	2.87907	0.487522
4.20735	3.11455	4.64004	5.55322	0.65152	0.471812
5.92512	3.14842	3.09477	5.16521	5.94892	0.37076
1.44238	3.94001	0.974711	0.902382	5.18059	0.46368
3.69043	2.54379	0.589811	2.36745	1.0811	0.642008
2.41964	4.11104	2.48043	4.3511	0.87345	0.758217
4.68967	4.73325	4.20186	3.77173	5.81159	0.480672
4.41335	0.535244	3.11455	5.35821	5.23168	0.423241
5.15569	5.68048	3.42309	2.6207	5.62335	0.416029
4.21285	2.50076	1.92048	4.44869	4.58877	0.799455
1.73334	0.387291	4.81492	3.40386	1.90345	0.552788
2.96604	3.01255	5.41351	4.86051	0.758823	0.517848
2.77909	5.26738	0.0683111	0.134597	3.72742	0.363315
4.97386	5.96247	1.40813	3.05137	3.53241	0.487984
2.80033	3.03526	4.69644	0.172135	4.69956	0.531792
2.25319	3.18266	1.63226	5.54297	2.11146	0.679442
2.26802	2.92356	4.44485	1.8238	5.63782	0.626145
4.00849	1.46325	4.38387	3.81037	1.83478	0.812467
1.24443	0.379051	2.44381	2.1653	5.28972	0.471692
3.94221	2.23415	2.63461	0.529568	3.77503	0.75123
5.58874	3.47601	2.89628	1.18712	2.26638	0.63437
3.35332	1.5766	4.08064	3.16911	0.735568	0.742118
0.639068	4.82334	2.47347	0.252155	3.71808	0.449598
2.94608	3.28942	2.46652	0.442956	4.60086	0.690966
5.03483	0.503749	4.30422	5.71948	3.71039	0.400432
3.9737	2.63626	4.80741	5.26665	5.62115	0.468268
0.413292	4.31392	1.24663	1.14793	0.537442	0.384821
4.51113	2.89463	1.63702	0.313131	2.82505	0.609674
4.91618	5.0222	2.79117	2.55185	5.07823	0.577217
4.03505	2.67142	1.89832	4.8378	3.07463	0.927982
5.45342	3.28447	3.1834	1.42773	3.51702	0.720814
1.84559	4.88065	5.28515	3.82831	5.06999	0.498446
1.30651	1.98731	0.950723	0.512539	5.06175	0.424967
0.938089	2.05397	1.51818	0.54733	2.62472	0.54058
3.60638	3.89643	5.69458	0.178727	2.43759	0.460661
1.4801	5.03318	0.919961	0.861548	1.51214	0.443317
3.28814	4.31667	4.54263	1.78992	1.69122	0.808176
1.80127	2.79886	2.51101	2.19441	0.880775	0.843413
2.02357	2.75656	3.77338	0.974894	5.91688	0.520291
0.546231	6.00807	1.42461	1.21257	0.40725	0.30799
2.12831	5.10496	4.59024	5.39153	0.713045	0.422491
2.08034	1.45538	3.47875	4.22621	4.74277	0.76913
0.281635	3.30681	1.58319	4.86381	3.19676	0.555448
3.15941	4.93083	2.00691	2.50259	2.15688	0.934754
1.82911	3.72888	1.8172	3.58166	3.02409	1.15738
3.0131	3.5238	5.27819	2.99717	1.37224	0.762528
3.218	5.06486	3.47912	5.05351	4.83652	0.583756
4.09511	1.11754	2.78879	1.15801	0.105666	0.463872
5.48327	2.52584	5.36333	1.48834	0.603545	0.399921
3.57507	0.338949	0.122878	0.212236	5.61438	0.283316
5.419	5.91157	1.89942	2.9849	1.24187	0.423167
2.94718	2.35317	5.71894	2.42184	2.25814	0.730011
4.87827	5.73395	0.712313	3.06401	1.3781	0.418926
1.63391	2.35464	1.47955	3.99165	0.553372	0.603725
2.29732	2.60696	0.567289	2.47988	4.97477	0.635463
0.951273	5.16722	5.49682	0.330343	5.09837	0.315871
5.78321	1.38085	4.77573	5.59076	4.45748	0.365532
5.9925	3.76789	3.94221	5.99269	3.89588	0.396963
1.69818	1.72418	0.438012	1.64929	3.77521	0.577648
1.6665	5.54205	3.19786	3.59137	3.70435	0.707955
4.35622	5.81159	5.06212	5.91523	0.179276	0.282074
4.003	2.4222	5.27691	6.02931	3.86292	0.466298
0.968851	2.19002	4.82847	5.25164	2.23836	0.532627
3.69794	3.49322	2.28212	0.302876	5.34374	0.525947
1.11168	1.53631	2.87797	0.601531	0.400475	0.430418
0.446252	3.92353	3.82081	2.62436	3.28319	0.753604
5.4309	3.61682	1.16972	5.18736	3.07866	0.514657
0.65097	3.95741	3.68054	3.44964	4.73435	0.661908
3.8827	4.09492	5.49078	1.19096	5.47082	0.443271
0.358359	1.91004	1.42407	2.93363	5.57226	0.449019
5.19231	1.61597	5.81763	5.81928	3.92335	0.351349
0.503017	1.42736	1.64032	4.11214	2.16328	0.571632
4.21669	4.61661	1.19499	4.75156	3.32824	0.644018
3.49304	1.41125	3.12297	0.476832	1.28527	0.585171
4.23775	0.279804	3.35772	5.80152	4.56918	0.410336
1.58081	4.77024	3.02134	4.3315	4.64792	0.683208
4.64371	5.76856	2.2184	0.911171	3.15428	0.491048
3.11107	5.23424	1.72913	4.11781	4.93375	0.602112
0.732821	3.0175	4.84769	1.11095	4.64316	0.504468
3.33043	5.66547	5.72827	4.56131	1.3261	0.401655
3.25151	5.77808	3.40569	3.55804	1.0225	0.582497
2.77909	0.314595	4.52743	0.724032	2.74778	0.504111
0.480311	5.93482	2.42532	4.96415	4.60196	0.374301
1.06828	1.10399	0.966288	3.64795	3.26726	0.589843
1.00822	4.21651	1.61542	2.39492	5.98353	0.462284
1.86811	1.97175	0.263507	0.951822	5.07969	0.42832
4.46755	2.94389	2.73148	5.30639	2.00911	0.739084
0.900002	3.38226	1.01152	0.275959	0.885353	0.393665
4.26778	4.23262	1.77253	2.5383	6.01887	0.527424
5.44006	1.00016	1.6145	2.58627	4.12678	0.546041
4.43972	2.79282	0.572782	5.56659	2.02705	0.486829
3.99421	4.02809	1.17613	5.81543	1.14793	0.46022
3.89643	0.921792	4.50674	5.34704	2.30501	0.54394
3.20592	3.54211	1.325	2.8798	0.67038	0.736188
5.43896	1.19737	3.27367	3.3579	4.06068	0.64408
2.39968	5.10094	3.66425	3.5086	3.76386	0.904348
5.458	2.52127	3.32165	2.66885	3.2235	0.867
3.24895	2.67215	1.2014	2.32277	2.5112	1.09866
1.24572	4.26833	3.14494	4.8173	1.49255	0.654358
1.59326	0.298115	5.99964	1.93549	0.539456	0.328252
1.89539	2.11439	4.22676	5.6933	4.55197	0.550301
5.19377	5.63562	0.146866	5.28661	2.29274	0.326495
5.65997	4.41848	2.51321	1.26677	4.44375	0.515119
3.94532	1.30889	3.71625	3.69281	1.09044	0.746663
5.14653	0.537075	5.77222	0.596587	3.28081	0.342301
4.5148	3.6767	4.42837	1.97395	5.39794	0.602567
5.55835	4.9376	0.747287	5.89014	2.50021	0.345103
4.29067	3.8501	5.99745	1.22521	1.09611	0.432005
4.12807	4.1689	0.424096	2.1675	5.48455	0.473032
2.66739	2.39346	0.36019	3.11601	1.60846	0.694591
4.66861	0.422448	5.71527	5.1046	3.34142	0.379555
3.79279	0.825292	5.95204	0.748019	4.28554	0.387651
1.53283	2.29879	1.21623	1.60058	3.69061	0.754068
0.73099	5.5578	0.594389	3.85303	5.21337	0.355817
5.99507	3.25096	3.1151	0.323019	4.20918	0.441014
3.28777	3.04075	0.2148	0.195573	2.33871	0.472949
2.86863	3.75379	4.61679	3.6463	4.18318	0.998294
5.25237	4.33773	2.20375	2.23671	3.2528	0.760849
5.8332	5.28533	0.113173	0.787571	2.15321	0.310604
0.297749	0.918313	5.55908	0.134964	5.89729	0.251337
2.18361	5.47448	1.54803	3.30205	1.67493	0.63513
5.97383	2.86021	3.7439	2.78916	2.58829	0.683502
3.31267	0.993754	4.72885	5.16667	1.99171	0.561078
4.89805	1.64124	5.20659	3.58276	0.864295	0.494591
5.9112	2.72983	1.49566	1.23564	5.7909	0.374347
2.13747	0.0501831	3.48571	4.56076	3.48278	0.576357
2.40572	3.179	3.40166	0.600066	1.92506	0.802457
2.62765	3.17223	0.526638	5.65997	1.18749	0.461969
1.2741	3.65454	1.64453	4.12569	4.79532	0.678665
1.05015	0.685762	6.00148	0.118484	0.380699	0.26089
4.3359	3.4967	2.18196	4.8823	5.73761	0.533672
5.63251	3.57873	4.80869	1.02617	0.308187	0.374837
0.685395	1.79853	3.98048	1.10692	1.00474	0.491954
5.59808	5.60376	1.29406	2.90946	5.57538	0.356118
3.32842	0.958048	1.97761	0.467676	5.52868	0.432346
0.221758	3.10484	4.79441	4.02845	4.46774	0.52188
2.58133	1.37572	0.293904	0.510524	3.32018	0.466494
4.39706	5.99726	3.65857	3.42748	4.44924	0.536132
1.63702	2.59726	3.29839	1.99043	1.90766	1.0728
4.03633	1.42809	2.66263	1.49969	4.05464	0.831817
0.125991	0.900185	4.02351	4.08247	3.3189	0.500246
5.26958	3.73969	0.457971	3.63165	5.97676	0.3785
2.78659	5.49572	0.933328	3.98066	5.59131	0.430628
5.00297	1.53448	2.149	1.1516	0.184587	0.430534
4.22566	5.89454	0.87638	2.87138	0.341879	0.37775
5.72974	4.673	6.00953	6.04414	1.1765	0.271005
4.96617	2.35006	3.99934	2.46945	3.34051	0.935949
1.27483	4.65506	3.48901	5.49041	2.69687	0.579757
2.28725	0.362387	5.16502	3.97169	6.01594	0.367749
1.17101	0.79929	4.75852	4.97074	5.19982	0.39994
1.51434	1.76886	5.79859	5.16759	0.175614	0.342108
4.33736	1.6969	2.87522	2.19991	2.75656	1.08677
5.16301	1.70935	3.79352	4.30898	3.64429	0.709089
2.43923	2.31197	2.9373	0.280354	1.74323	0.677152
4.4302	3.48864	4.92094	1.90437	0.805699	0.588595
2.46908	5.60779	1.11076	4.9279	4.24965	0.477782
1.71228	2.79905	4.83726	4.65689	2.90946	0.77957
1.47863	3.40331	2.88932	3.18083	1.47332	1.01493
1.84943	3.69483	2.03199	2.01863	0.209673	0.606331
4.74716	4.11305	5.15257	1.40832	3.15904	0.606657
3.42712	3.836	2.64706	4.07112	3.3189	1.37838
0.742343	2.78843	5.24962	0.425378	3.1508	0.457582
3.42327	0.635589	1.7804	2.38393	2.30886	0.76253
0.781529	3.2592	3.22624	4.86545	5.10863	0.5566
4.54904	3.75818	4.41958	1.92945	0.836462	0.63225
3.04899	4.88047	3.16802	2.3951	3.14018	1.11703
0.536892	3.71717	4.26448	4.75943	4.6655	0.524945
4.36959	5.20586	5.20439	5.63013	0.26131	0.322384
4.12257	3.82978	2.16988	1.7641	1.13347	0.790564
5.57904	2.55587	1.76374	3.48571	3.99513	0.68478
1.30578	4.26448	3.49469	0.150894	4.14638	0.522313
4.25276	0.698946	2.9329	0.908425	3.76258	0.594354
5.41808	1.12028	5.04362	2.07557	5.89948	0.359474
2.69229	5.44811	2.99681	4.24288	5.80518	0.487764
3.28539	1.14116	1.29021	2.87357	3.48974	0.853538
2.16951	5.66748	2.19588	1.64233	2.91166	0.653473
1.16496	0.558499	3.90559	4.31337	1.64801	0.534725
5.26061	0.703157	1.14482	1.67932	2.99021	0.486102
3.83472	3.40917	6.04652	3.99879	1.71027	0.561594
3.38647	0.376121	5.00151	2.39455	3.25316	0.607136
4.02937	5.24761	1.14629	5.21245	1.45776	0.458273
3.19603	0.141739	1.07377	1.21587	0.23421	0.360345
1.06956	1.22045	0.809911	4.87717	2.28322	0.482452
1.89906	4.57687	3.88325	5.20073	2.77304	0.695727
4.77555	1.72803	1.63684	3.67377	1.08256	0.63455
4.86912	0.757724	2.48922	4.67703	4.24123	0.551408
1.3424	1.12651	0.101637	0.421532	4.04255	0.36505
5.48657	3.09111	4.89805	5.32305	2.38705	0.486235
1.54968	1.88129	1.77655	1.37371	1.87141	0.726201
2.09846	0.495143	4.35366	3.78656	5.00315	0.539061
4.18739	2.99259	5.92219	0.841406	2.73056	0.508097
4.80997	3.26616	3.01164	5.84363	1.91041	0.567523
0.721102	2.15321	4.5668	3.29198	3.93452	0.698136
0.405052	4.24105	2.66208	5.59424	5.2683	0.39583
4.66769	2.70621	0.377403	3.51153	4.13997	0.613244
3.7417	4.73764	4.55838	5.03502	5.69586	0.446288
0.720003	5.79163	1.64893	3.34582	1.99189	0.477262
5.21263	5.96906	5.7583	5.27471	3.89478	0.309653
2.06276	5.86487	1.36565	3.66663	4.77976	0.490943
3.11235	0.938821	2.46322	5.44665	5.12547	0.49868
3.30828	4.78287	4.24745	3.31597	1.34496	0.789341
1.68665	1.9734	4.38277	4.73416	3.77961	0.751542
0.833532	4.63217	0.757724	3.6073	1.00895	0.460438
1.0626	2.79502	4.91142	0.642364	4.14729	0.517498
3.72248	1.1743	3.94843	2.25392	2.40481	0.937598
4.89823	3.13121	4.63821	4.46426	4.04841	0.687405
4.80137	4.95023	3.51226	1.10509	0.5715	0.458735
4.18849	6.03627	5.1566	0.528469	1.0421	0.330861
4.12404	0.472437	5.25988	4.55673	1.21733	0.428075
1.99684	5.12822	1.06059	1.0789	5.19505	0.438484
2.47915	2.29311	5.16209	0.693452	1.47021	0.552302
4.66715	0.570768	5.15202	3.20885	4.6069	0.477612
1.79706	2.80069	4.8845	1.89759	2.42239	0.863032
1.08623	4.58694	3.98341	1.97157	4.85795	0.600325
4.49447	5.15349	0.108046	4.53512	2.11989	0.42798
1.55096	3.35442	4.69425	4.30477	3.94477	0.787972
2.52859	2.50845	5.64441	1.19902	2.08308	0.604558
2.48318	2.03657	4.38149	5.53289	0.919778	0.530597
5.0374	4.44412	2.16164	2.54818	1.71338	0.724699
3.4165	3.19237	2.76517	5.67792	6.04799	0.460255
4.6102	3.91547	5.99745	5.83704	2.82486	0.392234
5.05296	1.65735	2.38412	0.361838	3.62048	0.533573
0.274677	6.00752	1.76685	2.4841	0.741244	0.352593
0.555753	2.91276	0.76157	0.49203	0.361106	0.341925
3.8979	3.88087	5.07915	4.26247	0.719454	0.564981
1.30541	2.74265	0.642914	3.91364	1.3673	0.588437
1.66596	0.416588	3.34746	5.64111	2.60129	0.482885
5.90095	5.3496	0.298848	4.55362	0.512539	0.28708
1.36986	2.88456	0.211138	5.22875	0.353415	0.364695
1.94154	4.81052	4.74222	2.01606	1.9344	0.687885
3.11986	5.25823	1.21037	4.90189	2.23415	0.570762
2.86204	2.56961	3.27568	2.86423	4.4009	1.37718
3.61499	1.30687	4.81089	5.81196	3.51702	0.50765
1.5343	3.30791	3.84077	1.69525	3.73346	0.981325
1.92689	0.0805795	1.44622	0.783177	4.72537	0.40032
1.27593	0.786106	0.888099	1.32995	4.82389	0.426448
3.69501	0.594939	3.63989	3.41174	3.95246	0.784097
4.03706	3.83985	3.73108	4.74881	0.848547	0.666559
2.40792	3.20134	2.26271	4.18465	5.80884	0.656699
3.64337	2.39016	1.28234	4.55581	5.83979	0.52026
4.81327	2.00453	5.33367	3.9195	5.5968	0.448154
1.79981	1.86536	1.50427	0.499721	2.51907	0.607985
0.215166	2.55404	4.18941	3.52398	1.21001	0.560303
4.84879	1.54309	4.52798	1.6709	3.0446	0.682881
2.23104	4.60196	1.14061	5.24321	0.760654	0.461647
2.78898	3.79444	4.00795	1.17522	2.75949	0.992133
2.22188	1.76831	4.59115	2.94773	4.76731	0.782448
1.54821	4.76383	4.60617	3.11711	2.95634	0.780386
3.86732	1.21605	1.81922	4.37417	3.67651	0.788957
5.68982	0.425378	3.28356	2.33962	0.803685	0.413153
1.94007	1.66541	5.92823	1.30083	4.26723	0.476822
2.41268	0.949991	5.09636	0.339499	3.69043	0.465178
5.01817	4.0279	3.61975	1.18474	3.85486	0.687774
5.58563	4.65927	5.17381	5.82825	2.06093	0.35657
1.40374	4.36172	4.19838	0.549527	2.93272	0.59355
3.41229	0.271015	2.24807	5.31884	0.117934	0.372217
3.63641	2.48153	1.2968	5.14397	0.689058	0.540197
1.89814	4.42928	0.283283	5.60998	4.27016	0.415579
5.45324	4.16322	5.00242	3.33684	3.50109	0.597167
3.33465	0.367515	0.128921	5.87806	1.68958	0.330191
1.60736	5.2108	1.08623	0.137893	1.74085	0.395777
1.27648	2.7833	3.48443	2.02522	0.542019	0.655995
1.36016	4.44155	3.66534	4.36501	4.8292	0.648548
5.71784	5.30053	5.53381	5.70685	0.116469	0.251629
0.45614	2.66135	1.58227	5.58563	2.149	0.476065
5.12364	2.0547	3.15099	4.83011	3.97572	0.678998
5.72974	0.677705	0.85697	1.28911	5.96321	0.29287
4.39046	3.67963	1.34167	3.03709	1.09392	0.725695
2.92887	2.10249	3.4577	3.03086	1.59582	1.25114
4.44631	2.06129	0.312215	0.486354	5.53546	0.357857
5.61694	4.86124	2.14296	5.80884	3.61133	0.411346
0.804967	1.41656	2.0124	4.9072	3.25444	0.588132
4.88047	1.71118	3.95814	4.40694	4.26979	0.679943
1.71759	1.26989	2.91129	0.136978	1.87763	0.523496
1.79651	3.43188	0.909157	2.64798	1.95619	0.818331
2.35061	3.53497	3.9043	2.95616	2.54031	1.48392
0.908608	1.41802	1.11369	1.15324	4.26155	0.489314
4.43826	4.86161	5.35619	5.70099	4.81565	0.374844
5.12254	1.95326	1.0941	5.10844	2.7443	0.533497
1.83387	4.47634	0.105116	1.68005	1.18034	0.4551
0.1736	1.20415	5.60266	4.37673	3.83106	0.39103
4.08375	4.63858	4.55233	4.52688	1.10564	0.581761
1.91334	0.702058	1.16625	4.88468	0.589811	0.413478
1.3164	1.34038	4.46353	1.09263	3.46081	0.603095
3.83564	0.532315	1.20195	5.24285	0.984782	0.414728
5.12785	0.706819	4.60269	4.0442	2.24825	0.526024
3.30462	0.3655	1.78681	0.828405	5.4331	0.414233
2.49398	5.49664	2.50351	0.724947	1.47552	0.519868
0.553555	3.60492	1.77033	5.78559	5.79602	0.351613
3.82502	5.87495	1.36217	0.846167	2.98545	0.470198
2.50149	2.02906	0.591826	0.349936	3.0847	0.525747
2.80637	1.00273	1.91718	4.90208	5.04472	0.555622
3.47894	2.13051	1.69141	3.32165	3.91145	1.15848
5.44537	0.70334	1.03733	3.64557	0.187516	0.3517
2.87321	4.647	0.534695	4.14363	1.80219	0.604264
3.46594	5.27159	4.31704	0.235308	4.98924	0.42172
5.18297	0.292805	3.72193	0.657929	4.67795	0.385858
3.64301	2.14717	4.01435	4.53622	4.81235	0.780379
0.823461	0.178727	1.22338	5.92365	3.82703	0.332391
2.59085	0.420067	4.93742	5.26702	1.94795	0.458227
5.95515	5.60486	5.17839	3.28118	2.32717	0.387667
4.65085	3.72119	2.10579	6.00514	0.625701	0.421706
2.37643	5.58362	5.69147	5.86194	1.82599	0.346297
3.6322	4.73966	3.97315	1.20323	1.92506	0.726903
3.91108	2.33578	0.402489	3.71204	5.65814	0.485648
1.98603	4.13411	4.40365	4.12312	4.37417	0.804227
5.41406	5.85389	6.04011	3.41045	1.1732	0.315256
0.279621	4.72519	4.24343	5.67719	2.75583	0.414082
0.345175	5.20384	0.439843	4.21889	0.650421	0.328239
2.35573	2.32296	1.92378	5.36095	1.09007	0.615246
2.50442	3.28411	4.39046	4.19838	6.00752	0.563666
4.03816	5.10057	2.8646	2.47384	4.67722	0.735381
4.76767	6.01301	1.8725	0.0710578	1.45263	0.339591
2.44784	1.82801	0.232196	1.46087	5.22545	0.461665
2.25759	5.15349	2.57895	0.691072	6.00569	0.404346
3.65674	1.27684	5.62591	1.15965	3.19255	0.534189
3.06236	0.930764	1.73975	4.52432	0.174699	0.472149
5.29796	4.44467	0.238604	3.80652	3.2929	0.48241
4.14455	1.01646	5.03923	3.29876	3.80835	0.66026
0.602995	5.68286	5.74805	5.55047	3.41558	0.310822
5.20366	1.08861	2.48739	1.72418	0.930215	0.508026
5.91596	0.0902844	2.34566	1.724	4.71054	0.371036
2.72013	1.78553	4.30275	3.61993	6.03572	0.560213
3.76661	4.40255	3.71973	2.95762	2.08272	1.12157
3.96858	4.19252	1.88203	4.7142	2.5599	0.851622
4.86381	4.82425	4.14088	0.157486	4.52908	0.425147
4.18575	5.79401	5.56036	0.512172	5.82898	0.286038
1.58063	5.56073	3.89259	5.14891	0.422082	0.390135
3.0836	3.836	1.82654	2.73752	1.47808	1.05619
3.46942	3.95594	0.818883	1.14922	0.73685	0.514438
5.22765	6.02711	5.71729	0.672211	5.85975	0.249338
4.75009	1.89008	4.52816	0.960611	0.0624516	0.409528
0.241534	2.19661	1.01646	5.01908	5.07548	0.391032
3.36303	2.18215	0.523342	0.569486	1.82435	0.520181
1.07304	5.7096	1.38396	4.41573	1.73773	0.44915
3.77063	2.92155	0.978556	1.50207	3.17699	0.836024
5.42834	0.809728	5.3734	1.21514	1.12028	0.356554
6.02858	1.68811	3.79187	2.52731	5.2987	0.453971
2.69595	0.43435	1.23729	2.3442	4.7631	0.54583
0.430505	1.23088	0.6951	1.88441	5.04014	0.392906
3.9933	1.10106	3.19292	3.71918	5.59186	0.592952
5.05095	2.15083	1.29461	2.90452	2.83457	0.776861
4.11342	2.02375	3.18999	5.58655	5.95094	0.441948
5.47906	4.18318	3.74518	4.41592	0.194108	0.435184
4.90665	1.37041	4.94547	4.00978	2.38448	0.607007
2.75235	5.58307	5.05534	4.44613	4.75028	0.473647
5.7107	2.30593	1.80604	3.3004	2.27517	0.672459
5.6499	1.61047	1.5299	5.2	2.40646	0.469346
5.63525	3.912	4.66605	2.22994	5.32305	0.464219
1.90217	5.95405	5.3377	2.84885	1.49346	0.440743
4.5289	5.99983	4.40054	2.12593	5.06212	0.428921
2.22939	0.860266	1.38946	5.07182	3.60748	0.573802
2.07795	0.957315	4.87333	2.18379	1.91956	0.650803
4.18758	0.524441	0.38784	0.281819	4.8292	0.332264
3.45678	0.890846	1.25981	5.27288	1.47405	0.495543
4.35366	5.65265	3.78016	0.81339	3.99733	0.493742
0.997417	1.13255	3.95027	4.93852	3.3189	0.579366
2.13472	2.8364	3.22185	3.77961	2.4114	1.47516
4.26192	0.4891	0.420983	1.93366	5.0222	0.403637
1.22392	4.18282	5.71527	5.58325	2.5068	0.419417
1.38433	5.11211	3.93086	1.22026	1.8617	0.574678
2.1664	4.28902	4.64041	4.94218	4.43057	0.630279
0.398277	3.35222	0.446985	4.70871	4.04091	0.446148
0.427941	4.90958	5.1544	0.496608	1.80292	0.362274
4.19435	4.16121	3.62378	1.78937	0.707186	0.671745
5.48291	2.24459	0.664154	0.38253	4.02333	0.398565
0.530483	4.26796	5.63452	1.72949	4.06874	0.446362
0.553922	5.46203	2.02998	4.29964	1.02324	0.424043
4.89237	0.251605	5.01487	3.98414	0.952921	0.394422
2.45571	5.59936	3.57306	1.35741	0.12947	0.428828
2.70822	3.47619	5.09471	5.1696	3.06474	0.693911
3.28521	5.10606	0.596953	1.06553	0.429772	0.39002
4.24288	1.43963	3.8838	5.62024	2.68588	0.59791
3.22038	3.7547	0.739413	2.01881	0.487819	0.555488
4.13246	5.12327	2.14113	2.82853	5.40618	0.576451
5.16191	0.207842	2.7952	2.86112	3.16637	0.569511
3.78528	3.19255	4.57431	0.432336	1.4074	0.579325
4.15498	1.93037	2.44088	4.72428	3.45513	0.911495
2.44766	5.13371	3.42529	0.479212	3.59759	0.597009
2.19936	1.12999	3.31048	5.31078	2.31124	0.66452
3.42877	5.35235	5.85169	0.24776	0.264606	0.294927
2.93437	0.753696	4.84183	5.84272	2.33578	0.455274
1.49969	1.68775	0.252887	3.66315	3.63513	0.575946
1.55005	3.99769	6.02327	5.00352	4.40859	0.430364
3.6062	3.42382	3.79059	0.0758187	1.52899	0.592177
3.84498	5.06395	3.3297	4.49557	4.91361	0.625735
1.49584	4.49136	1.52478	0.622588	4.95847	0.472799
1.39294	3.77576	0.529568	4.6763	5.6684	0.412919
5.42468	3.87391	0.626067	3.30462	3.758	0.557237
6.04908	5.8689	2.3951	3.66754	3.86732	0.415088
4.50381	4.02717	0.73392	5.05754	4.93174	0.466925
5.24449	0.0906507	2.4266	1.11223	2.02211	0.42825
5.24907	2.13069	5.50708	5.18974	4.07826	0.433706
0.485804	2.39181	1.24187	0.125076	4.76218	0.382372
3.22991	2.97282	2.45938	4.39376	4.78855	0.95353
1.87214	4.23574	6.04451	1.69086	3.22112	0.531043
1.15654	2.96824	4.08943	3.82392	2.02705	0.891927
4.09785	2.14607	3.31469	4.58438	5.30217	0.673683
2.01002	4.9755	2.79392	4.25038	2.97831	0.870392
1.00328	4.79752	1.3164	4.52853	0.164811	0.393279
1.70111	3.96748	2.90818	2.77433	4.38992	1.04011
1.06608	5.97273	4.93284	4.55838	2.53207	0.417353
1.95454	2.96861	1.14226	2.79429	0.855506	0.704903
2.01277	2.34237	5.47393	0.14595	5.64917	0.361126
0.421532	3.73657	5.46166	2.57565	3.4718	0.536093
5.7486	5.98188	5.21703	1.32848	5.67682	0.275323
5.18224	0.220293	3.82941	1.66852	0.642181	0.392018
3.77942	4.59646	3.2506	1.60187	3.71643	0.935712
2.5361	3.58185	1.95014	5.26647	0.23952	0.515117
3.00102	3.33465	4.49612	3.47418	5.30254	0.776584
0.0814951	4.29818	0.951822	1.18236	2.60898	0.437547
4.89695	2.56137	4.28902	5.02659	5.8028	0.446127
1.25487	4.31576	3.60437	5.15385	2.77286	0.674189
4.57577	1.80091	3.38207	0.396629	2.49307	0.621065
0.537259	3.14055	2.91642	2.45095	5.40582	0.58203
0.429955	5.00041	3.43169	1.49713	0.86283	0.442101
2.15468	2.88767	5.53985	1.99977	5.4613	0.519845
1.27996	2.03181	5.70026	2.27883	0.72275	0.456761
5.05955	1.42022	4.09749	0.170853	4.48422	0.431986
2.39803	1.73242	4.58694	2.19002	3.66388	0.944795
5.04655	2.52749	5.07713	3.81019	5.38476	0.498267
1.5841	0.486903	1.46325	1.91425	4.11726	0.552207
2.75089	0.389854	2.05305	0.721285	4.54593	0.491303
0.179093	5.17436	1.85676	5.7475	0.434167	0.30189
5.77845	5.08848	1.46472	1.41674	1.31475	0.403463
2.36654	5.94801	5.0742	4.84659	2.78769	0.45768
0.0536622	5.39391	5.73834	1.27538	4.95719	0.296602
2.01771	4.56314	0.613616	1.7967	2.05671	0.608241
5.40911	5.27599	1.94062	2.04188	1.77637	0.512256
4.48257	5.56219	4.94895	1.25249	0.928018	0.401475
3.21013	4.23537	5.15092	0.611968	4.06416	0.554573
1.82691	0.302876	2.21456	5.55963	3.99	0.45873
5.19048	3.4511	2.07264	2.02851	5.60266	0.538234
2.84574	1.35064	1.74323	2.01185	2.35958	0.933686
2.37551	0.589079	3.84901	1.31328	5.3496	0.492879
0.470423	0.869056	5.03813	1.48852	3.1096	0.446623
4.79496	2.69632	1.31218	3.92738	5.42541	0.558489
3.70709	1.11681	3.37292	0.395347	3.21471	0.624384
0.320455	3.64117	2.77726	2.0373	5.3659	0.521786
3.71204	5.7074	5.53473	0.868506	2.65421	0.417978
0.228533	0.829138	3.7016	0.126174	1.53668	0.353531
4.82297	0.697481	4.01509	5.81324	2.44216	0.437049
5.66254	4.14894	0.83811	5.55194	0.383079	0.31803
6.02125	0.568021	3.9748	1.31988	5.46459	0.334563
4.86326	3.05394	4.67008	4.21083	4.55819	0.659723
3.19457	3.48919	1.27575	5.05772	1.82599	0.721359
3.55914	0.105483	2.64835	5.21721	3.69006	0.52065
2.42147	0.71158	4.58529	5.14268	4.70249	0.486044
6.02784	5.93647	3.85871	4.24214	2.35647	0.392386
2.0721	0.189897	0.715609	3.48278	0.20363	0.369974
3.80744	0.198503	2.91459	5.60669	2.48428	0.486182
1.56946	0.4208	2.75803	4.43643	2.23909	0.609772
0.59677	2.39162	2.90836	3.13982	1.64343	0.768412
3.90595	2.69449	1.91554	1.55114	1.56872	0.889847
5.27965	2.24697	3.87006	3.9499	2.28981	0.773542
4.25185	2.26143	3.02244	5.93739	3.89716	0.604366
4.01106	0.369712	4.15114	2.35995	5.69605	0.455703
2.93473	1.07744	5.27544	5.19139	5.75098	0.380978
0.638702	0.80808	5.20494	0.0897351	3.83948	0.339947
4.48715	2.52438	0.465113	3.50494	3.73731	0.682032
2.16988	2.92906	5.14177	4.05061	2.63443	0.868151
0.0996231	3.60565	3.7287	3.40221	1.3554	0.582191
4.26741	3.13945	4.93137	3.6366	0.360373	0.564052
1.42095	4.29049	5.28826	1.20085	2.574	0.561379
4.63272	2.38357	4.96488	1.87727	5.69989	0.488843
5.9676	4.71329	4.5646	5.53839	1.6524	0.364306
5.34978	5.70246	4.62045	4.00978	2.19863	0.452234
1.2025	0.552823	1.1895	0.89341	0.910256	0.380194
0.565091	2.21108	5.25969	5.70355	3.96015	0.401792
0.355246	4.88212	3.54101	5.7193	5.1035	0.361676
3.0435	0.398643	3.44561	4.05391	2.72067	0.760094
3.02775	4.83707	1.25817	3.32824	5.47759	0.566386
5.87055	5.41259	3.89423	4.31429	2.89207	0.462978
0.340963	5.35857	4.48001	2.79483	5.21172	0.403917
1.67822	4.72208	4.47488	4.91728	0.431054	0.451196
2.5383	5.75135	2.06459	2.60019	1.56744	0.630114
2.94059	1.00547	0.231646	1.36968	1.26824	0.448382
1.34734	5.65027	0.528835	3.30919	3.38335	0.473834
2.92008	5.01817	5.64349	0.877479	3.24163	0.484709
0.76395	0.91227	5.64166	4.96635	2.34676	0.390165
3.46722	1.34478	3.92262	4.77683	5.79255	0.505952
2.98875	4.73673	4.27987	3.89606	5.4906	0.600226
4.83689	5.03502	4.85099	3.80616	3.82978	0.578703
3.79535	4.6763	6.037	3.93433	1.33709	0.469391
5.74713	5.95204	0.162064	2.66666	1.91718	0.326811
4.36739	3.93214	0.929666	0.545865	3.81714	0.534318
2.80472	2.95506	3.61426	5.95588	2.02613	0.662115
1.37444	5.11742	2.12849	2.56814	5.25219	0.551139
4.92332	4.54629	1.351	4.16542	0.283283	0.443496
0.504665	0.338766	1.67127	3.18303	3.08305	0.497146
2.19167	5.09636	2.71811	2.76041	3.16545	0.979206
5.59057	4.6893	5.38952	2.94425	3.37749	0.489711
1.59509	2.96073	0.0941298	4.14436	5.21813	0.461914
2.59891	4.82664	5.50323	0.985881	2.22646	0.514968
1.75513	1.46618	4.29909	2.33339	2.33962	0.871809
5.8689	6.00917	2.28853	5.69806	2.68039	0.331416
5.239	4.63364	1.47863	4.13832	0.727877	0.466097
5.79255	1.47808	4.64444	0.894691	2.63864	0.446795
5.69312	5.36077	1.79944	5.35345	3.4923	0.399225
5.44116	5.19817	2.01588	5.59845	2.83805	0.424848
1.87269	3.36046	3.565	2.62088	4.42745	1.12343
5.1403	2.43704	3.74225	0.736483	2.53207	0.633263
5.28386	4.19362	2.23213	2.02412	5.28862	0.542873
1.48193	4.21944	3.21965	2.08601	4.37124	0.86539
2.40627	3.99714	2.03181	2.82047	2.83658	1.36182
1.46307	1.0941	2.06001	1.41125	0.135696	0.442349
0.0542116	1.74213	2.18892	5.79566	2.70181	0.419773
2.10213	2.64963	4.44283	4.71494	2.07026	0.846301
3.1118	0.797093	1.91004	5.26867	4.4888	0.542987
1.77747	1.55298	4.83396	3.57287	1.40063	0.673943
5.41277	5.00077	4.03395	2.53482	2.25099	0.599843
2.38485	4.32088	5.94599	4.43276	2.90287	0.559777
4.65195	2.07539	4.34432	3.26543	0.283833	0.560568
3.98432	5.3084	0.98405	3.24456	0.904762	0.504758
2.6824	3.8252	5.71839	2.83347	3.82831	0.720187
0.651337	5.27178	1.60425	4.64023	2.5881	0.488154
5.10625	0.882057	5.31865	2.4504	1.52514	0.459234
0.508876	1.07853	3.37017	3.80469	3.64502	0.621182
0.477931	0.558683	2.65219	4.13887	1.05528	0.444034
1.14592	4.4443	4.56698	4.9636	2.02778	0.56243
5.42852	4.37746	4.28646	4.6666	5.07695	0.464224
2.57785	0.727511	4.775	4.78159	2.40243	0.587399
1.3565	5.82624	1.07451	2.39785	1.10252	0.428096
0.325216	3.565	3.36449	1.68024	3.77942	0.668636
2.77781	3.591	5.63782	1.30486	2.08125	0.62211
5.818	5.21282	5.80884	2.89408	2.37093	0.38264
0.684846	3.68201	3.35497	3.89899	1.91132	0.77253
4.94163	1.64618	0.154923	5.73432	3.75965	0.373821
4.15663	2.25722	4.94566	0.316976	5.67114	0.39986
0.869056	3.5	3.91785	1.77619	1.73371	0.728089
3.65894	0.303792	0.667267	3.0023	5.75739	0.388371
1.10545	4.54629	3.79169	4.27895	2.3669	0.732943
5.79493	4.41171	2.92686	0.0827769	4.11561	0.407089
3.69574	2.37881	3.68494	5.82239	1.87672	0.642395
1.41216	3.41393	5.47265	2.4418	1.08861	0.562696
0.517299	1.02598	3.40478	4.68454	2.20796	0.535063
0.718538	1.43633	3.05504	0.321554	0.838293	0.40816
5.2846	4.11909	3.61243	0.591459	3.92701	0.540329
0.153275	4.62064	3.24602	5.89161	3.58166	0.408321
5.05443	3.73914	5.18114	2.94828	4.6188	0.583174
1.93861	2.24275	5.76306	5.23332	5.74274	0.372511
1.41637	1.904	1.5711	3.20738	5.30144	0.621486
2.26674	3.86329	5.88996	5.47998	4.3467	0.442504
3.89899	4.5928	2.03108	3.44378	2.16493	0.982483
5.69916	3.27806	3.17387	1.05729	1.2838	0.523219
2.20082	5.97859	4.10737	5.19194	0.956217	0.404554
3.31615	4.15297	2.26619	1.94007	0.225604	0.633373
0.400658	2.91734	0.829138	3.94825	3.31011	0.572364
2.22023	2.0428	5.29522	1.23876	5.72516	0.448013
2.05891	2.44949	3.78913	5.17052	3.02262	0.867823
5.88868	3.79004	0.288044	2.08638	2.11513	0.4359
2.85288	3.8827	0.917031	0.884803	2.4407	0.669952
0.377586	4.80997	5.61713	3.38427	5.01341	0.381623
1.84302	1.67658	5.78705	1.88514	5.5155	0.426833
0.2148	4.25295	4.00795	1.30028	4.25569	0.504822
0.37667	1.59656	0.555936	0.716524	3.43298	0.396405
5.74878	0.227435	1.04905	5.20201	1.71576	0.327362
3.78125	0.189714	1.86976	0.954019	3.80561	0.50967
2.50534	0.940652	0.137527	3.7179	2.42275	0.539725
2.09773	0.326131	3.01384	2.42989	3.95008	0.704646
2.47146	5.49829	4.13484	1.60644	0.450281	0.47055
4.93302	1.07139	3.00724	1.81482	1.54071	0.625378
4.93815	4.95902	1.44219	3.8014	1.95783	0.59704
4.80265	4.27657	2.97959	3.04753	0.658295	0.650812
4.34707	0.818883	0.481593	2.18123	4.25093	0.496291
5.844	0.74216	4.76529	0.288411	0.701692	0.29466
0.236773	3.1356	5.43969	5.98793	1.57696	0.338311
3.26451	5.36571	2.98692	3.10356	0.547879	0.599148
3.62707	2.77066	5.34246	3.18303	3.30315	0.904296
0.0875378	3.08507	2.68131	3.20226	3.48516	0.721109
0.775669	0.456323	5.84858	0.0970595	1.89375	0.292541
4.42324	1.4334	4.53897	4.02259	2.54672	0.763392
2.92063	2.34402	4.28646	1.27684	0.490199	0.611249
3.38244	4.84769	3.8089	0.509059	3.69629	0.628766
5.15001	4.10353	5.21849	5.19048	0.594755	0.379573
3.60858	2.32131	5.61713	4.33864	0.614898	0.496007
0.662323	0.290059	3.89936	1.18913	1.18218	0.396808
3.96803	1.25872	1.6156	5.33935	2.34145	0.595524
0.147964	3.28905	4.18172	3.565	5.20513	0.505155
3.99421	2.26143	3.26744	4.69003	2.50827	1.03056
1.57367	3.48242	1.44677	2.4667	5.71161	0.57747
0.932412	3.79847	4.42654	5.42431	1.10765	0.467164
5.06358	2.06807	5.76398	3.57342	1.38085	0.482697
1.46948	2.01002	2.94645	4.53091	1.3944	0.754884
0.559415	4.97807	3.44012	1.52716	3.96748	0.550412
0.176713	5.05699	0.595671	2.32918	2.41561	0.42062
0.285481	3.31963	4.18959	4.95408	3.66754	0.550966
4.11726	5.16631	3.3167	0.493861	2.51522	0.569567
5.47631	3.46557	4.04274	0.192094	4.55105	0.440019
2.70163	2.62015	4.59793	5.93116	5.73542	0.419096
5.10258	1.08366	2.62326	3.36175	0.658295	0.530516
2.483	0.111159	0.178727	5.34337	0.0772835	0.280852
5.20641	0.787571	5.2531	2.88676	1.92469	0.475994
4.90775	4.92259	1.22283	4.58053	4.85026	0.466946
2.65915	5.44097	5.27965	5.78376	5.49609	0.330566
1.82673	2.00581	2.2292	1.45464	0.561612	0.613762
2.4819	3.22478	1.80329	5.69458	3.99659	0.666443
3.59375	4.99949	4.06654	0.384178	5.75849	0.400966
1.00309	1.12175	4.34377	1.53119	5.64825	0.425679
2.54104	4.28463	0.327047	3.76056	5.63855	0.464124
5.88905	1.22795	0.709749	1.45648	5.57446	0.325285
1.34295	1.08146	3.4989	4.04786	3.8979	0.736391
0.158951	2.03639	3.13652	4.49209	4.90006	0.503643
3.92536	4.08339	2.96275	2.09773	2.87467	1.27207
4.49502	1.28948	4.41317	4.10005	0.12947	0.46279
4.9821	1.96498	2.3019	0.711946	0.383811	0.443126
4.16725	0.90641	5.96449	3.33227	5.49865	0.386288
1.50317	5.03758	1.61157	5.89454	3.42272	0.457101
5.53399	0.636505	3.44598	2.38503	5.30694	0.436562
0.80277	0.0974258	4.16286	3.22496	1.94483	0.481487
4.02497	0.192094	4.08943	1.33452	3.38702	0.554159
5.06981	5.88959	2.66299	3.13451	0.875648	0.448865
2.58737	2.43667	3.5661	2.25667	2.61685	1.53671
1.2329	0.316243	3.20958	0.283833	0.245379	0.329656
4.46719	1.49987	2.25832	0.562162	0.465296	0.448011
5.65759	4.34176	1.60937	2.53775	4.48056	0.54937
2.70017	4.20351	1.29021	1.99116	0.750949	0.643596
2.64304	3.17626	1.77692	5.88666	1.28435	0.557703
2.52548	1.65643	1.2285	4.03212	4.81785	0.687835
2.60696	0.59384	0.18715	0.891029	2.89115	0.428893
3.86585	3.08781	4.77024	5.3203	2.95341	0.700421
2.97886	0.804234	2.59195	5.52795	4.55215	0.532253
2.80051	4.63968	4.72537	4.58969	4.84073	0.60166
0.931314	6.00074	2.15175	2.47	5.65466	0.379772
3.32183	4.74424	1.94392	0.72568	3.89075	0.656719
2.90379	4.22072	2.5621	5.5805	2.64011	0.741857
1.38799	1.55169	2.27297	4.16927	2.21108	0.818711
0.160233	5.28826	4.37838	4.48806	0.61325	0.35573
0.0893689	1.45831	2.90269	0.0888195	0.453943	0.324513
1.14226	4.06013	0.359824	5.29705	2.98545	0.458248
5.39465	5.82331	2.33303	2.12794	5.63361	0.372487
4.85264	3.76697	2.97337	3.51062	4.41464	0.886278
0.199236	2.22389	4.41061	4.88193	3.93269	0.503829
3.70819	3.63531	2.98435	1.86976	4.43972	1.08042
1.97889	5.83484	1.18785	2.34347	4.29891	0.513318
5.96467	5.97785	1.08696	2.77066	2.31142	0.372532
6.03608	2.45608	3.51391	5.09086	1.9961	0.496099
3.70874	2.27535	1.49365	3.98762	2.34969	1.03148
3.86109	0.144485	4.01033	1.75824	2.99919	0.607601
5.26043	3.2094	2.11018	3.32531	2.44454	0.88032
4.24269	6.02986	4.17659	5.05626	1.92249	0.444486
5.41003	1.88111	3.09038	2.32534	2.83787	0.796828
1.23162	1.5083	1.55114	4.06306	5.82953	0.463222
1.95326	2.32406	4.94676	0.988261	0.792698	0.519165
5.6206	5.32909	5.88282	1.41912	1.51104	0.329826
1.25048	4.63162	5.75299	4.40566	5.9687	0.343748
1.00126	0.880042	0.888649	3.20281	0.418603	0.405651
1.76575	5.33019	3.04808	1.97926	3.97773	0.716674
1.46307	1.99555	2.13966	3.35992	1.11351	0.781272
5.49334	2.78037	2.5936	4.26796	4.49008	0.655385
1.3283	5.5816	1.67108	4.39541	3.62414	0.538735
3.59357	2.13655	3.89588	1.22356	2.11293	0.922245
3.76129	4.06453	1.82123	2.31783	5.22728	0.739185
5.20036	0.479945	4.13869	0.384361	5.83558	0.308919
4.36025	4.82499	4.29488	3.34875	4.62906	0.683385
5.96357	5.93153	4.62155	2.24294	2.88236	0.390732
3.71552	4.17403	5.28917	5.37908	1.08201	0.465781
4.21999	2.57071	3.71021	4.25972	4.07606	1.00787
5.12822	0.781162	1.453	3.36578	4.38003	0.529548
0.472071	1.61523	0.451379	4.57321	1.03752	0.382705
3.99714	0.537075	2.22847	3.51849	0.661591	0.543699
2.87357	4.27144	0.103835	3.15099	5.50982	0.468552
5.53143	0.377586	3.49267	3.02171	5.30199	0.419682
0.391868	4.73398	3.66187	1.64618	0.499171	0.428558
1.19005	5.3615	1.13585	0.886451	1.59619	0.420779
5.02824	0.710665	2.74503	5.3474	4.57339	0.446315
3.34783	4.01289	1.01756	4.10573	0.226336	0.526514
5.63232	5.34283	5.73377	5.0764	5.2531	0.291721
1.85566	0.40725	1.39678	0.325216	1.36254	0.393114
3.24364	2.23525	1.51397	5.44463	1.76722	0.65153
5.21153	0.377769	5.17583	2.509	0.474635	0.355622
0.244464	0.242816	4.39523	0.2831	0.22542	0.268662
2.6553	0.369529	1.89136	5.30236	4.23244	0.497834
3.68146	2.43337	0.427026	4.05409	2.27993	0.712491
1.49035	3.57086	3.06657	5.75153	2.02833	0.620178
3.65802	2.02595	4.23757	5.39538	0.327047	0.480865
5.96943	3.77027	5.0645	5.45141	5.40142	0.328416
5.46368	4.81016	1.35869	3.38262	2.99754	0.581847
6.0055	3.69061	4.70871	3.83253	1.72876	0.506615
1.83112	0.365317	4.59207	0.366599	2.85215	0.438612
1.44952	4.05116	2.39785	5.90424	5.74219	0.402807
2.1664	1.05235	0.996501	5.12108	2.58902	0.550354
2.52584	5.10002	1.00108	3.09221	4.44137	0.636268
1.51178	3.98945	3.35772	0.245013	5.42028	0.459358
2.94279	2.55331	2.22243	1.60461	5.61438	0.685424
4.14088	0.822546	1.21221	4.07844	0.352316	0.446182
2.98051	5.54333	3.12059	1.77308	1.12065	0.605299
3.78803	0.778233	0.46438	3.53314	2.64926	0.574915
5.22325	4.07094	1.80787	4.78946	1.17009	0.524612
5.34191	6.01558	6.03975	4.00044	0.511074	0.27767
5.32049	0.306905	0.788121	4.96855	2.71701	0.377571
2.1197	0.416405	5.66144	5.57263	3.74591	0.37442
3.97059	2.66538	0.667267	2.8245	3.59576	0.841652
1.35961	5.41808	5.44445	1.0084	5.64514	0.328121
1.97175	2.61136	3.84608	5.64368	1.86005	0.657346
5.03941	3.0446	4.31557	5.89747	2.20192	0.501903
3.43169	4.43112	5.01396	2.58517	2.72104	0.866523
0.336019	2.7095	3.07481	3.09733	3.94843	0.763605
0.816137	2.42001	4.57834	5.4212	1.25652	0.465144
2.70694	4.34157	5.91175	1.48651	5.78284	0.393718
5.20384	4.89512	0.307271	2.56613	3.43993	0.474361
1.45538	3.73877	4.18135	1.12944	5.99745	0.458486
5.6358	4.8541	1.21807	1.81226	4.74131	0.43472
3.50824	0.48086	2.93711	2.85746	3.99714	0.792209
4.57632	3.74372	3.82813	0.909523	2.37606	0.741669
2.69705	6.01558	2.88914	1.76191	3.7179	0.615536
1.96058	4.40072	4.07277	3.58917	1.91645	0.93332
5.88447	1.39312	0.841406	4.93742	5.23442	0.341204
5.86799	4.55874	0.216082	0.538174	3.23247	0.338755
0.537442	0.355063	5.01725	1.74543	3.23961	0.420865
3.25609	0.100539	2.71024	0.976176	4.32107	0.51553
1.57751	3.77521	0.758274	3.6485	2.75766	0.76167
5.19798	4.25441	3.91218	5.5827	4.26137	0.487849
1.28911	3.61297	5.62408	2.03126	4.32473	0.55922
5.38714	3.90485	1.63995	0.358176	2.06221	0.471129
1.48449	4.28481	5.67609	2.14644	1.74012	0.542746
0.128921	3.89954	3.43829	0.287495	2.29348	0.452464
0.762851	0.444787	5.47448	1.12486	0.0576907	0.287106
0.297566	3.3861	0.928201	2.18453	0.850195	0.453901
0.300679	4.35293	3.74463	1.64819	2.53042	0.598118
4.61789	3.61572	1.45648	0.587065	0.76395	0.471669
5.9427	5.03465	3.61041	0.122329	1.48559	0.347871
4.8433	4.99345	5.18407	1.76007	2.37405	0.524357
3.14714	3.05833	5.40783	4.78672	0.337484	0.473843
2.71189	1.23546	1.54272	1.53558	0.169572	0.488374
1.35961	0.721834	2.21474	0.86869	4.89292	0.462467
3.71149	5.03721	3.35314	5.61255	3.9521	0.571003
0.362754	1.49493	4.04567	2.43154	4.52084	0.557109
5.4309	5.41094	5.61072	0.779881	0.400108	0.28388
5.85206	4.47122	2.95597	5.67389	2.40261	0.438458
2.37167	2.59268	2.76023	5.11906	0.400475	0.592903
1.65497	3.07554	2.81809	1.91114	5.67188	0.65909
0.266987	4.85813	4.92899	5.26464	5.3756	0.328784
2.40023	2.11714	1.00053	6.02601	1.5885	0.469789
4.98924	3.50824	5.83228	2.084	4.05208	0.521292
3.79114	3.20464	1.3933	1.57477	1.67877	0.831518
5.74713	0.426476	4.66238	3.35241	5.43163	0.357522
0.723482	1.32592	3.8805	4.73764	4.78617	0.500747
5.23992	3.70654	0.943948	3.95228	5.86469	0.419163
3.02079	0.760654	1.25194	5.63324	4.95719	0.419545
2.48721	5.6803	4.88047	1.55261	5.88685	0.378616
3.32512	2.20778	3.40514	4.9625	3.79041	0.963983
2.96787	2.96733	5.82258	5.34649	1.5581	0.486521
4.41683	0.824743	1.25157	2.21108	4.03578	0.606377
1.18419	2.67709	1.96717	6.04139	5.23314	0.421849
2.67508	0.519863	5.80152	4.52194	0.628448	0.369744
2.61832	1.37646	0.946695	5.61749	5.71655	0.381264
1.32152	5.09215	0.141372	4.55618	5.68781	0.333199
0.975443	4.63583	5.37066	0.160782	3.38207	0.390595
2.21639	3.3969	0.273945	0.976725	2.09352	0.551928
0.385276	5.63232	1.38195	1.09227	3.79023	0.389896
3.08543	1.4052	1.71356	0.334005	4.78946	0.512419
2.60953	2.17738	1.62933	2.09022	3.4099	1.14895
2.88346	4.54574	1.16991	3.88325	4.72776	0.688828
6.01246	3.39269	2.48373	1.71082	4.94035	0.501942
0.286213	2.84501	3.27806	4.95335	2.0992	0.585035
3.86164	4.827	4.61587	1.86829	3.23448	0.767628
1.82013	0.842871	1.93623	5.66895	1.94209	0.489731
4.18337	4.85593	5.9123	4.73416	1.65936	0.432321
5.61767	3.81934	5.15019	3.85377	1.14043	0.46874
3.63275	2.46633	3.92957	5.96082	0.664338	0.481439
4.98356	3.27257	0.0578738	3.56848	5.96064	0.373783
3.43993	1.75513	5.39098	5.21684	5.10716	0.458409
5.63049	5.58343	3.83692	3.69721	2.37862	0.495878
2.17006	4.42269	4.38186	0.558316	2.25521	0.61962
4.3218	4.13997	3.16472	0.0554933	2.27626	0.579115
5.56402	2.96275	0.650421	5.92713	4.0984	0.372152
3.52032	2.63205	0.609404	1.39989	3.87775	0.691953
5.84693	4.88102	4.50656	1.79212	5.41387	0.381698
5.21575	3.50146	1.49237	2.20705	3.30608	0.760086
1.36236	2.88438	2.99241	4.40511	4.68088	0.80032
0.142654	4.402	0.150528	0.93937	2.62601	0.361852
5.93665	2.30831	5.03721	4.05464	4.18428	0.481524
0.867225	2.74668	2.88731	1.43926	4.93229	0.633102
5.79273	5.83503	4.91215	3.84296	4.2405	0.373937
3.44799	1.71668	0.963907	0.878211	5.71527	0.437293
5.82221	5.57867	3.28521	0.613433	0.156754	0.298726
3.32586	2.26931	1.54199	2.05305	0.618743	0.697691
4.3641	4.58273	3.21764	1.47991	3.07188	0.852588
3.52069	0.418969	0.231829	4.54007	3.56518	0.448695
0.0754524	4.48257	4.3586	1.70661	2.93363	0.518832
3.83875	1.16661	0.647858	2.02394	0.789219	0.489293
3.7547	0.24776	0.0822275	1.19316	3.34984	0.399284
3.41283	1.62183	2.81003	5.77387	4.37691	0.598941
3.84662	5.31188	5.1577	2.3041	1.59161	0.549902
2.21254	5.90388	2.15376	0.477381	2.15303	0.457673
4.58145	3.74481	5.46826	3.97846	2.44271	0.648677
0.956766	3.01841	3.04716	2.2477	4.00483	0.929972
5.99745	1.20653	0.0853404	4.72629	5.57904	0.283062
1.8758	3.8783	5.81745	1.28325	4.66934	0.482924
5.25841	3.95558	1.35851	5.00242	2.50094	0.556583
5.74658	2.68881	1.11516	1.20616	2.43356	0.506793
4.41958	1.95051	0.411461	0.304524	4.48202	0.411876
2.32589	4.8281	2.73752	3.21068	2.83494	1.11896
4.8834	4.81894	5.23552	4.91874	1.26238	0.424553
4.47451	1.84064	4.54025	3.62964	1.04905	0.662546
2.97502	4.90318	2.22426	3.2733	5.10185	0.729025
5.65118	4.01326	5.55432	0.0772835	0.984233	0.310698
0.0901013	2.52786	1.2426	4.13191	4.00831	0.524197
0.810643	5.91926	4.61807	3.73438	1.88825	0.440358
2.49252	1.75641	2.91111	5.07805	1.27538	0.708991
2.81571	0.115188	4.50363	5.33422	3.28722	0.472856
3.80066	5.01762	2.46762	5.69879	3.61059	0.566521
1.01353	2.52713	4.40585	1.75	3.0587	0.786658
3.26232	4.80356	1.10362	2.29146	4.8823	0.626449
4.39193	5.78724	5.51623	4.51956	4.13576	0.405901
2.81974	0.935525	0.78336	1.55334	4.60562	0.529692
5.45764	5.59131	3.97517	0.911171	5.5122	0.340366
3.46282	1.40557	2.02577	2.32021	5.4699	0.654961
3.4306	3.79389	3.54669	6.0229	1.60205	0.581168
2.2054	4.27895	1.68665	3.74445	2.23305	0.986737
3.26671	0.210405	1.61267	4.60141	1.36199	0.49937
4.96012	0.347006	5.17949	4.09419	4.94035	0.390734
1.15471	2.67947	5.32012	3.5943	5.66217	0.468798
1.35467	3.88673	2.56814	5.37157	4.37673	0.617297
0.241534	3.62762	0.660492	2.58792	0.930947	0.436164
4.91453	0.762851	2.31032	1.9214	0.730624	0.488774
1.1657	0.9011	2.68387	3.03764	3.86439	0.734291
1.74121	3.977	3.85578	4.90812	1.34569	0.682637
5.26574	4.75742	2.67746	4.2828	2.7161	0.664351
2.63388	5.32946	4.58786	3.70087	3.92902	0.692712
0.848181	1.36254	4.75394	4.52432	0.13826	0.386085
5.24431	2.91184	1.46508	2.59854	1.43359	0.665979
5.38036	3.71259	0.613982	5.96925	5.46038	0.315091
0.110976	4.4042	0.934793	3.67651	1.75879	0.463358
5.6618	5.28936	6.03938	2.96696	5.42559	0.308178
1.00236	0.383079	1.99665	0.617095	1.19005	0.387601
4.71585	3.76148	0.687043	3.93031	2.51669	0.667877
1.68115	4.80082	4.45199	2.92265	4.87589	0.640388
5.007	1.38122	4.73709	5.8874	5.82313	0.322861
1.73517	0.200884	3.11619	5.67682	2.34786	0.453741
1.46435	3.15904	2.63919	0.417504	3.69226	0.682025
3.23815	5.89088	4.86381	5.74695	4.90684	0.35626
1.35284	5.17894	2.38027	5.21977	2.92649	0.562499
1.46417	2.87723	4.55655	5.77259	4.33718	0.518888
2.08381	1.28435	3.07371	0.396812	0.760654	0.48592
0.4479	2.71427	1.93531	1.19829	0.675141	0.467737
1.31438	2.58316	3.03123	4.48367	2.05818	0.900549
5.57611	3.18871	4.17806	3.75232	0.329061	0.481703
0.919594	0.525539	5.55194	6.00862	5.83063	0.256228
0.394615	2.79264	3.78601	1.87012	2.54635	0.71781
0.365317	2.46432	3.20354	1.76667	1.07176	0.57113
5.16173	4.90794	2.52493	1.3966	1.74268	0.565268
0.432336	0.348288	0.137161	0.681184	0.75571	0.268571
0.0970595	4.32491	3.04716	5.18059	5.33111	0.394109
1.8769	4.29818	2.70218	5.95277	5.41662	0.442591
4.57138	1.89027	0.315328	4.69901	5.15514	0.426631
0.21773	0.984233	4.07918	1.83442	4.77738	0.444709
0.335653	0.461451	0.794346	3.32256	1.18602	0.3731
0.166276	1.76813	3.57086	4.63327	2.15248	0.547668
4.12038	3.7038	0.301961	4.03248	4.55124	0.571352
6.00715	1.17906	0.318807	0.108412	2.58206	0.302265
0.224139	5.33733	1.19646	3.07078	4.94822	0.396481
4.24672	2.26784	3.32952	3.1411	2.60074	1.35533
4.88688	0.988261	3.94257	5.89106	4.85117	0.395555
4.83652	1.4367	3.5075	2.06001	5.96833	0.48149
4.96488	4.5549	4.81583	1.6286	1.338	0.520327
1.96168	3.24584	3.69519	5.14159	2.31966	0.856818
3.53497	2.73459	2.31453	3.89167	1.65149	1.18483
5.57098	3.19676	0.224322	0.25893	3.3026	0.370946
4.22566	5.80463	1.49768	5.70722	2.47494	0.412713
1.19536	1.32537	4.96836	0.219561	4.09126	0.41916
2.10432	4.66733	5.71582	1.72675	3.12059	0.568388
0.971232	3.38244	5.08061	3.7265	3.95924	0.664936
1.57532	2.30849	2.79007	4.02259	5.13536	0.760026
5.84473	5.14104	1.27648	2.90232	0.607939	0.379096
0.700227	2.92191	3.38354	5.75281	4.98136	0.455666
4.49191	4.75888	3.398	0.64859	3.92481	0.59304
4.41537	0.776585	0.824194	4.39816	0.195756	0.377364
3.23796	1.82544	0.8599	4.54995	2.54525	0.733924
4.02571	2.20101	5.77515	3.90247	0.523525	0.468619
5.99635	5.53546	4.14894	4.30678	1.76154	0.40051
0.843786	4.56112	1.60058	3.6593	3.69849	0.668123
0.694551	4.0887	2.5881	2.55734	2.70914	0.83678
3.68933	0.600066	0.841772	4.61001	2.58059	0.535881
5.57794	0.652802	3.84589	0.158036	5.11101	0.328907
0.892494	1.69873	1.61377	1.50994	3.97261	0.616419
1.9051	1.82288	0.89341	4.30184	3.94496	0.684469
3.22844	2.28743	0.737582	2.43484	3.40716	0.895764
5.67481	0.191362	1.06737	5.00938	0.928933	0.311478
0.571134	4.5267	1.75348	4.57559	4.25405	0.53081
2.82523	5.17198	4.31173	2.27187	1.49511	0.701088
5.78449	4.22768	4.40054	4.07185	5.39849	0.432457
0.662873	1.33727	0.308736	2.21309	3.63953	0.465161
0.158219	4.55984	5.42321	5.80262	1.23748	0.309196
5.76801	3.00413	1.81501	3.82099	5.49554	0.476921
1.36913	2.13509	4.43862	5.43621	0.585051	0.449548
0.120315	3.34527	0.843786	5.83393	4.3923	0.356752
1.1754	3.31835	4.80741	5.40069	1.00053	0.466018
5.38311	5.72479	0.124343	3.97627	0.292256	0.288533
5.65631	3.84717	1.76667	5.50927	1.84559	0.456123
4.94346	1.93476	5.28624	5.71308	1.61523	0.40955
5.48291	0.790867	4.23262	4.5148	2.73496	0.501774
5.21044	2.36507	0.190996	2.74558	4.27456	0.503299
1.23967	5.29943	0.423547	1.63519	3.76734	0.444924
2.50845	4.55783	1.53759	4.37545	2.04591	0.79307
0.933511	0.222308	0.552457	1.81666	3.72614	0.401542
0.495143	0.88755	6.0337	3.35827	0.903298	0.33939
1.29332	1.29735	6.011	3.95338	0.100722	0.342553
2.06312	2.97392	0.809728	5.71216	4.43148	0.497992
5.0233	0.913552	5.50067	2.20027	4.01381	0.467996
3.95301	5.64239	0.117019	2.87412	0.629363	0.372608
2.57089	4.26705	0.191362	1.65332	1.73938	0.553076
2.53592	4.57321	1.4085	4.37929	5.08427	0.607169
0.973978	1.72052	5.94196	1.77088	4.17586	0.448624
2.16951	4.91288	2.46377	1.60571	4.38277	0.741154
5.6825	5.17345	4.68326	2.74539	2.16457	0.487429
3.95045	4.8812	2.96659	3.84791	1.47991	0.801732
5.68982	4.9387	0.968668	0.314595	4.66934	0.332026
3.32696	2.4916	3.68036	0.781712	2.32644	0.892638
1.58703	5.79438	3.18614	2.02613	2.29293	0.613948
2.63333	2.68625	0.813939	4.0453	3.0869	0.899932
2.01881	1.26421	5.76966	5.43585	0.168473	0.326823
3.94074	4.21761	3.09202	2.89829	0.558133	0.749115
0.23714	2.53811	2.68149	4.93412	5.66419	0.4204
3.40313	0.223956	1.1721	4.52157	1.6123	0.488973
4.76401	3.51409	5.21611	1.54986	1.33581	0.550672
5.29631	5.41827	2.16914	2.18819	5.44903	0.426109
0.311849	2.99095	2.53866	3.97737	5.90479	0.45804
0.925088	5.85975	4.85905	0.0827769	5.85517	0.265946
4.87534	1.7978	5.10075	3.91969	5.46459	0.469585
3.27111	4.18996	4.43404	3.64996	0.305623	0.616215
5.97914	3.38244	2.86845	5.42431	3.40807	0.497943
5.42486	5.70209	0.194475	2.82688	3.35058	0.381606
1.26494	3.82392	1.96424	2.92136	2.4288	0.990637
4.23262	2.45645	4.0356	4.07423	6.04634	0.545809
1.62146	2.15706	0.559598	2.94261	1.16625	0.590582
4.9409	5.59076	2.793	1.51617	1.99702	0.533912
2.67929	3.03215	1.45172	2.72855	3.38207	1.29521
2.69705	1.74286	2.18013	3.50091	2.57217	1.28563
2.46597	1.83716	2.43795	1.87562	4.6915	0.902634
5.31115	1.88953	2.92796	0.231097	1.84852	0.486087
5.06779	2.23635	2.13161	1.60296	4.63657	0.656035
3.43755	3.59979	3.60473	4.54977	0.530667	0.693659
2.05067	2.36892	3.98121	2.84281	5.96449	0.622078
4.07588	0.528652	2.15999	5.23754	2.26473	0.540018
0.886085	1.46746	2.71939	3.97627	0.165177	0.478804
5.72901	3.61957	2.28103	2.05928	4.14876	0.642968
0.472254	4.13319	5.03337	0.350851	0.349203	0.324118
3.48535	2.72818	5.91505	6.00404	2.60257	0.434988
1.76923	5.70264	3.63861	1.51379	3.1627	0.607453
2.41689	0.979289	4.53695	4.47048	4.82847	0.578331
0.346274	5.81489	4.94932	1.10673	4.40932	0.340874
2.80234	4.84312	3.69574	5.31316	5.63928	0.470882
5.01377	3.16783	0.861182	1.34588	4.10097	0.56798
1.49877	0.447534	2.78403	5.39501	4.19454	0.476681
4.4194	3.31267	0.613616	3.71405	3.5628	0.733466
3.08397	2.76828	1.62128	0.396446	5.91248	0.449991
5.30602	5.90479	2.96165	2.65402	5.71912	0.380658
2.90342	4.79496	2.03785	0.804784	2.27535	0.689607
3.77301	4.8812	1.76593	4.44613	1.51635	0.668812
0.631011	0.3384	0.976176	6.03755	2.16658	0.315324
0.134231	1.28362	3.32421	5.80079	2.38558	0.408403
4.15865	4.54336	0.418419	0.279804	3.51025	0.433862
2.55349	2.68991	3.07225	0.779148	4.41317	0.817663
2.29366	0.161698	5.45873	3.57287	4.09218	0.473456
0.321371	2.15486	4.43862	3.18999	2.26656	0.643791
3.63092	4.994	1.81977	1.75165	0.266987	0.505184
2.16713	5.98811	5.38146	3.37713	3.63385	0.479897
2.82047	0.3243	4.81693	2.73807	0.544217	0.463128
0.116652	2.32515	2.22518	6.04469	1.74304	0.396518
3.02958	1.46765	3.93269	4.18135	4.56112	0.829766
2.87742	4.06251	1.60168	4.209	0.186052	0.572107
5.43639	5.40417	5.55835	4.28756	3.43133	0.398327
2.28304	1.04301	3.32274	2.29091	4.50857	0.817889
1.85712	2.70126	3.81275	3.60748	3.65729	1.27275
5.74219	0.175614	1.63592	1.4953	2.62363	0.403824
1.83954	3.23009	2.42074	2.3301	2.45681	1.33708
4.6188	5.18663	1.28032	1.73371	0.791234	0.457848
3.49963	1.32976	0.178178	5.00389	0.25069	0.362631
0.828405	2.67233	5.81342	5.16264	5.42742	0.353258
4.80503	5.82624	3.294	0.316976	4.90592	0.368143
1.34936	4.83561	2.5881	3.71478	5.13206	0.612732
1.63757	3.3991	4.62503	1.38268	0.905312	0.600253
2.64212	0.440027	1.25322	3.49871	5.79126	0.439123
1.5777	3.97389	1.27611	5.62079	1.66138	0.510109
1.82911	4.91892	4.48532	1.43652	2.15999	0.64895
2.67252	3.84186	4.94785	0.581388	5.44463	0.466504
4.70944	0.915749	4.60287	0.694734	5.7464	0.361109
5.25054	5.83686	0.556119	0.638702	3.63861	0.332571
5.98738	0.62387	3.4837	2.14387	0.800755	0.394104
4.84897	1.85639	0.754428	3.1704	4.97587	0.534695
4.24819	1.81885	3.58075	3.9607	3.56408	1.04915
0.305806	3.07847	1.8064	5.3648	1.82453	0.483945
4.95976	3.25371	2.54361	3.346	4.35714	0.902947
1.76575	3.12462	0.559781	5.91981	5.24285	0.383889
4.86784	4.80576	0.768162	3.90357	5.37194	0.431533
1.51654	4.91544	5.77533	1.36034	1.11076	0.402743
0.339315	4.22292	5.83869	0.271381	0.896522	0.298482
2.96165	0.808629	4.54904	0.261859	4.98576	0.422945
4.23171	2.22737	0.0833262	0.853858	0.92289	0.407476
4.38735	1.53961	0.76688	0.0679449	5.10734	0.369247
2.48776	1.87635	5.0482	0.73923	3.38683	0.62575
1.25981	2.26088	0.194658	4.18813	6.00441	0.371988
